0, 20.355, 38.957, 57.828
1, 73.283, 38.825, 27.484
2, 77.367, 2.789, 13.768
3, 23.386, 84.203, 17.743
4, 65.368, 58.146, 25.149
5, 62.619, 27.452, 26.668
6, 7.952, 43.469, 20.812
7, 48.566, 64.704, 38.228
8, 13.068, 85.176, 53.687
9, 99.699, 43.987, 77.606
10, 86.565, 11.478, 36.778
11, 13.297, 88.180, 59.881
12, 24.010, 16.320, 42.752
13, 18.535, 4.315, 90.353
14, 11.677, 56.948, 21.481
15, 45.418, 93.966, 29.888
16, 32.190, 83.427, 16.800
17, 86.144, 9.360, 83.144
18, 94.149, 72.979, 43.463
19, 84.509, 78.138, 15.844
20, 83.494, 35.199, 13.790
21, 52.519, 92.007, 59.555
22, 93.768, 19.173, 60.860
23, 74.811, 73.260, 92.849
24, 76.152, 57.963, 95.550
