0, 32.463, 2.886, 29.548
1, 98.634, 58.039, 15.717
2, 45.628, 53.202, 27.260
3, 53.137, 75.615, 61.580
4, 71.030, 71.392, 49.547
5, 24.271, 59.650, 93.573
6, 48.622, 35.716, 94.678
7, 41.021, 19.945, 5.042
8, 53.541, 18.727, 75.332
9, 4.919, 8.854, 98.147
10, 48.904, 41.836, 87.304
11, 15.068, 7.249, 5.956
12, 3.527, 72.921, 93.041
13, 13.056, 75.062, 20.119
14, 14.612, 89.155, 78.696
15, 76.987, 8.611, 87.798
16, 20.407, 71.861, 6.134
17, 79.572, 89.350, 73.461
18, 62.876, 29.196, 49.134
19, 40.738, 76.444, 30.684
20, 86.984, 79.496, 46.388
21, 24.404, 70.535, 18.737
22, 85.623, 76.697, 3.871
23, 49.796, 63.785, 29.456
24, 67.813, 75.866, 69.416
25, 92.941, 97.684, 77.828
26, 82.619, 31.286, 99.190
27, 53.237, 15.543, 26.342
28, 94.847, 31.959, 88.159
29, 72.351, 27.702, 62.930
30, 34.559, 81.289, 74.874
31, 28.193, 93.951, 8.819
32, 84.110, 94.978, 64.741
33, 34.160, 41.642, 71.680
34, 30.111, 69.387, 54.682
35, 96.171, 72.581, 52.230
36, 49.963, 13.190, 76.712
37, 2.192, 71.067, 1.598
38, 54.278, 92.484, 36.204
39, 93.175, 99.466, 74.779
40, 48.677, 36.805, 44.027
41, 49.474, 88.287, 90.379
42, 92.755, 44.012, 18.358
43, 63.426, 25.281, 75.889
44, 93.620, 76.203, 88.213
45, 31.287, 17.944, 71.068
46, 20.497, 7.488, 51.576
47, 77.726, 33.977, 64.372
48, 0.841, 72.573, 95.833
49, 32.808, 34.896, 76.242
