0, 48.793, 16.919, 68.188
1, 5.360, 43.466, 33.645
2, 61.902, 50.368, 39.942
3, 3.081, 98.126, 1.593
4, 42.474, 30.446, 97.798
5, 51.370, 80.631, 25.963
6, 37.493, 18.343, 82.255
7, 27.652, 3.002, 82.372
8, 10.043, 10.003, 54.506
9, 98.913, 95.737, 32.051
10, 40.946, 3.041, 75.896
11, 89.413, 21.056, 29.584
12, 97.655, 8.541, 37.710
13, 14.026, 24.878, 4.675
14, 44.891, 77.587, 68.984
15, 69.791, 23.343, 4.905
16, 10.789, 87.722, 65.557
17, 68.568, 82.278, 56.755
18, 33.645, 49.994, 78.110
19, 81.304, 18.427, 29.705
20, 58.210, 9.721, 45.465
21, 69.999, 61.417, 89.765
22, 53.960, 15.303, 4.822
23, 41.596, 3.435, 91.514
24, 80.432, 72.763, 43.926
25, 88.374, 24.994, 16.879
26, 65.216, 45.816, 10.643
27, 25.975, 36.781, 55.936
28, 22.077, 51.021, 67.227
29, 98.781, 68.325, 99.324
30, 65.738, 22.094, 46.110
31, 86.021, 58.053, 25.838
32, 21.828, 27.523, 77.945
33, 14.020, 93.489, 21.229
34, 97.414, 7.517, 25.012
35, 89.005, 6.585, 8.608
36, 88.995, 50.111, 18.944
37, 95.451, 85.300, 10.611
38, 29.366, 88.805, 33.000
39, 7.733, 98.970, 33.365
40, 73.294, 78.676, 55.976
41, 69.421, 30.569, 66.683
42, 70.393, 79.116, 22.112
43, 7.844, 33.572, 46.857
44, 72.963, 65.875, 53.861
45, 70.180, 23.715, 36.058
46, 10.552, 44.082, 28.215
47, 19.832, 54.381, 73.423
48, 9.683, 54.733, 97.070
49, 43.245, 0.533, 65.660
