0, 54.361, 4.160, 11.761
1, 77.880, 76.339, 85.345
2, 26.312, 58.376, 77.048
3, 29.972, 6.173, 77.492
4, 68.421, 61.788, 59.341
5, 68.632, 69.782, 17.956
6, 48.265, 66.395, 55.880
7, 99.498, 8.351, 96.196
8, 59.634, 85.096, 53.802
9, 63.546, 50.812, 16.177
10, 83.314, 18.396, 57.066
11, 2.187, 31.347, 70.045
12, 8.882, 77.875, 57.535
13, 31.038, 86.192, 91.164
14, 65.624, 66.350, 42.459
15, 90.467, 49.026, 50.335
16, 83.046, 67.772, 44.252
17, 41.002, 46.085, 77.663
18, 76.879, 97.745, 52.359
19, 18.030, 9.808, 39.516
20, 9.416, 23.712, 20.711
21, 32.705, 40.731, 22.204
22, 94.661, 65.988, 50.365
23, 33.686, 22.828, 80.260
24, 90.033, 50.184, 23.865
25, 64.386, 49.207, 63.330
26, 3.832, 70.491, 87.211
27, 35.405, 70.650, 85.993
28, 68.217, 86.348, 94.637
29, 11.025, 63.765, 2.675
30, 25.764, 20.096, 12.681
31, 71.679, 26.526, 83.211
32, 10.353, 32.188, 67.480
33, 26.130, 17.429, 59.620
34, 31.268, 66.404, 5.346
35, 30.363, 90.339, 50.340
36, 9.277, 59.702, 41.286
37, 90.398, 52.880, 26.053
38, 49.035, 80.471, 89.916
39, 27.973, 72.060, 89.955
40, 2.624, 61.091, 50.632
41, 43.719, 10.249, 80.504
42, 94.454, 88.865, 98.261
43, 55.783, 49.099, 57.014
44, 42.077, 94.155, 1.670
45, 35.112, 19.657, 20.180
46, 64.359, 19.687, 75.795
47, 58.330, 97.359, 36.560
48, 11.762, 88.311, 50.325
49, 72.079, 75.187, 90.229
