0, 86.033, 430.621, 72.954
1, 328.968, 165.658, 78.593
2, 247.572, 401.774, 51.535
3, 354.641, 358.597, 87.074
4, 56.920, 398.631, 34.138
5, 127.465, 415.749, 23.749
6, 449.330, 14.931, 17.774
7, 32.932, 420.510, 65.245
8, 347.551, 134.616, 89.917
9, 9.546, 154.202, 68.889
10, 280.556, 419.855, 68.570
11, 168.313, 59.276, 65.805
12, 158.641, 303.919, 80.150
13, 420.200, 294.298, 5.254
14, 45.478, 43.889, 22.805
15, 426.392, 340.464, 27.053
16, 125.297, 282.831, 79.678
17, 120.057, 93.597, 89.154
18, 400.298, 431.390, 27.075
19, 221.955, 105.853, 64.212
20, 167.572, 9.991, 53.404
21, 239.000, 307.175, 25.837
22, 318.887, 223.166, 48.805
23, 448.980, 108.726, 22.543
24, 34.154, 295.798, 35.548
25, 493.913, 122.363, 34.932
26, 449.483, 498.475, 49.563
27, 288.667, 223.292, 8.458
28, 80.276, 111.213, 12.617
29, 32.087, 23.148, 97.869
30, 11.502, 247.912, 73.651
31, 172.305, 55.731, 40.346
32, 374.542, 376.221, 80.281
33, 289.591, 50.160, 10.141
34, 247.414, 270.928, 75.198
35, 429.650, 125.344, 12.574
36, 408.607, 270.156, 30.916
37, 127.753, 360.375, 54.410
38, 349.462, 382.923, 36.645
39, 469.515, 38.781, 26.594
40, 423.735, 68.898, 73.837
41, 204.962, 414.958, 33.952
42, 174.073, 351.455, 5.200
43, 174.983, 431.996, 34.223
44, 60.835, 326.271, 98.732
45, 341.123, 430.364, 74.840
46, 484.763, 471.538, 68.528
47, 430.104, 125.033, 41.659
48, 35.963, 25.885, 43.064
49, 73.155, 167.009, 10.442
