0, 52.102, 12.491, 44.852
1, 57.854, 30.649, 54.765
2, 70.094, 40.730, 60.543
3, 55.015, 26.618, 53.376
4, 8.214, 9.455, 71.437
5, 77.540, 33.379, 37.077
6, 62.625, 35.518, 98.046
7, 17.457, 37.493, 48.640
8, 36.508, 98.677, 96.595
9, 34.102, 70.256, 99.190
10, 84.157, 8.699, 40.132
11, 39.448, 50.040, 32.953
12, 3.062, 6.668, 58.691
13, 31.221, 83.580, 79.969
14, 44.781, 45.339, 31.450
15, 41.794, 8.640, 12.729
16, 15.794, 23.131, 49.639
17, 88.180, 36.800, 19.972
18, 53.681, 90.167, 24.227
19, 33.254, 53.752, 77.550
20, 58.455, 41.660, 41.970
21, 72.046, 95.277, 28.779
22, 63.690, 37.792, 35.394
23, 0.081, 14.732, 91.656
24, 87.820, 0.199, 39.673
