0, 70.445, 95.440, 76.521
1, 3.198, 60.842, 77.122
2, 44.845, 82.971, 69.464
3, 57.071, 3.047, 12.314
4, 68.592, 29.949, 67.400
5, 53.607, 11.030, 33.758
6, 15.870, 13.902, 24.498
7, 5.944, 37.451, 72.430
8, 59.990, 91.338, 80.751
9, 30.987, 79.748, 80.558
10, 74.445, 75.693, 37.571
11, 17.821, 72.929, 69.310
12, 23.801, 13.537, 23.720
13, 11.951, 4.020, 54.746
14, 92.152, 75.251, 57.529
15, 88.700, 87.111, 31.911
16, 90.913, 37.725, 66.746
17, 83.583, 19.686, 62.429
18, 76.705, 90.863, 18.927
19, 56.620, 29.679, 95.518
20, 65.915, 9.097, 26.494
21, 86.356, 5.525, 41.234
22, 22.503, 71.939, 41.732
23, 64.108, 12.191, 84.603
24, 37.468, 47.716, 24.741
