0, 0.061, 71.415, 64.380
1, 92.333, 50.081, 1.440
2, 62.798, 3.981, 43.065
3, 18.543, 63.506, 15.616
4, 75.299, 5.304, 61.015
5, 66.056, 30.683, 36.415
6, 83.994, 20.569, 57.356
7, 35.125, 31.006, 11.763
8, 43.910, 0.053, 2.231
9, 39.335, 84.771, 54.448
10, 45.136, 0.885, 11.248
11, 49.806, 19.779, 2.427
12, 54.006, 48.967, 72.949
13, 12.989, 0.274, 47.074
14, 31.660, 68.078, 8.027
15, 54.558, 23.967, 50.519
16, 50.742, 23.279, 91.238
17, 72.651, 40.727, 31.111
18, 61.429, 88.747, 78.074
19, 46.721, 86.483, 62.660
20, 87.509, 40.769, 66.137
21, 47.128, 0.499, 11.754
22, 81.159, 3.772, 83.825
23, 26.156, 68.602, 27.727
24, 19.206, 15.504, 56.178
