0, 44.211, 11.037, 8.912
1, 2.559, 49.890, 73.181
2, 32.554, 52.438, 33.759
3, 13.729, 55.159, 27.890
4, 44.823, 99.028, 66.715
5, 18.024, 90.855, 77.876
6, 80.022, 42.870, 21.503
7, 5.146, 76.834, 83.692
8, 96.920, 4.698, 90.430
9, 70.549, 5.693, 23.411
10, 73.898, 95.413, 23.835
11, 56.368, 13.676, 78.388
12, 11.581, 53.429, 61.271
13, 95.353, 95.631, 63.540
14, 52.007, 35.181, 20.328
15, 77.752, 21.004, 69.709
16, 34.453, 77.843, 20.962
17, 12.908, 25.717, 95.295
18, 52.514, 57.798, 4.206
19, 11.036, 29.761, 81.152
20, 27.554, 66.160, 15.954
21, 63.686, 43.141, 74.327
22, 36.063, 87.741, 84.092
23, 78.385, 91.651, 17.567
24, 7.499, 76.518, 74.927
25, 27.001, 0.012, 93.933
26, 32.539, 47.005, 88.724
27, 4.766, 66.785, 59.091
28, 22.499, 21.505, 10.864
29, 44.399, 43.871, 15.755
30, 73.799, 78.454, 19.350
31, 51.234, 50.559, 81.233
32, 48.041, 15.254, 53.964
33, 36.430, 90.370, 55.732
34, 18.132, 6.075, 62.935
35, 58.767, 38.217, 22.624
36, 53.757, 51.681, 27.452
37, 75.645, 45.758, 15.607
38, 20.872, 15.099, 55.945
39, 14.300, 15.936, 3.011
40, 25.980, 95.042, 75.355
41, 31.256, 59.545, 33.489
42, 96.616, 37.399, 26.429
43, 55.874, 6.922, 63.442
44, 51.672, 81.823, 33.712
45, 78.271, 78.949, 98.681
46, 78.702, 38.187, 54.558
47, 76.036, 11.315, 50.107
48, 29.843, 28.826, 19.144
49, 8.769, 6.760, 90.418
