0, 21.382, 45.450, 28.826
1, 44.101, 58.120, 85.404
2, 46.576, 88.250, 57.267
3, 83.889, 88.375, 71.069
4, 79.283, 64.278, 35.220
5, 85.234, 46.290, 36.264
6, 79.806, 67.480, 40.643
7, 38.837, 99.154, 13.454
8, 69.895, 86.977, 42.453
9, 79.072, 95.436, 24.118
10, 49.903, 63.277, 67.566
11, 54.564, 68.871, 40.764
12, 18.698, 64.422, 97.841
13, 94.629, 80.829, 30.894
14, 65.356, 23.455, 76.294
15, 24.130, 25.970, 11.826
16, 43.023, 26.789, 34.177
17, 85.245, 49.449, 16.099
18, 85.509, 48.170, 97.333
19, 30.002, 38.187, 2.694
20, 57.587, 7.422, 21.867
21, 82.695, 71.408, 30.024
22, 38.100, 13.605, 17.467
23, 75.684, 55.802, 37.455
24, 77.721, 64.570, 44.096
