0, 96.670, 58.940, 19.747
1, 20.821, 45.023, 54.164
2, 38.650, 97.442, 95.634
3, 3.282, 0.872, 55.572
4, 86.676, 90.709, 73.763
5, 57.254, 37.269, 36.317
6, 20.852, 51.625, 84.346
7, 17.157, 43.914, 66.868
8, 74.724, 16.926, 21.090
9, 48.859, 83.025, 67.603
10, 15.922, 66.269, 14.041
11, 31.679, 79.003, 69.207
12, 32.959, 7.742, 87.750
13, 46.588, 92.379, 72.884
14, 23.784, 82.242, 60.638
15, 22.833, 57.763, 70.195
16, 38.912, 1.932, 14.686
17, 80.906, 64.925, 5.432
18, 50.124, 15.978, 67.941
19, 79.639, 86.389, 9.168
20, 16.763, 78.898, 62.684
21, 4.853, 98.833, 46.796
22, 38.750, 40.783, 21.487
23, 57.986, 31.827, 44.986
24, 23.627, 90.924, 13.688
25, 20.690, 80.315, 28.832
26, 70.520, 34.484, 21.554
27, 53.678, 36.366, 84.271
28, 75.353, 62.099, 4.461
29, 47.113, 9.465, 58.066
30, 70.254, 66.999, 71.231
31, 57.707, 87.963, 66.150
32, 67.595, 56.223, 79.743
33, 45.580, 44.980, 4.990
34, 12.421, 49.456, 32.041
35, 63.215, 22.407, 86.384
36, 12.308, 13.257, 77.207
37, 39.858, 80.038, 7.518
38, 62.718, 65.738, 29.123
39, 18.556, 5.150, 21.201
40, 33.473, 21.219, 60.166
41, 21.501, 57.656, 67.325
42, 64.557, 59.063, 29.993
43, 58.024, 73.751, 61.938
44, 74.457, 39.823, 30.344
45, 32.478, 71.693, 50.337
46, 68.230, 8.278, 68.238
47, 43.896, 43.067, 93.704
48, 82.533, 13.411, 27.202
49, 66.950, 8.775, 89.148
