0, 85.586, 13.962, 7.581
1, 67.639, 12.746, 15.350
2, 39.969, 57.010, 54.151
3, 67.625, 98.836, 59.273
4, 34.486, 96.233, 37.218
5, 29.048, 26.674, 55.375
6, 99.821, 79.160, 58.027
7, 44.703, 60.853, 72.700
8, 44.866, 31.247, 76.926
9, 20.706, 45.444, 77.009
10, 44.396, 66.529, 33.424
11, 79.822, 58.933, 66.244
12, 70.048, 86.423, 65.906
13, 21.062, 84.574, 29.260
14, 36.785, 10.759, 70.251
15, 22.622, 25.442, 45.685
16, 40.272, 67.682, 52.772
17, 44.155, 56.373, 87.935
18, 14.185, 42.259, 42.258
19, 18.826, 91.412, 47.624
20, 91.299, 51.991, 54.801
21, 20.690, 45.694, 2.193
22, 11.934, 9.119, 49.046
23, 8.152, 12.689, 99.775
24, 27.315, 68.929, 33.910
25, 6.703, 41.780, 4.806
26, 76.592, 75.164, 38.961
27, 89.351, 34.419, 49.603
28, 76.230, 58.346, 25.361
29, 99.337, 88.212, 54.093
30, 19.705, 16.187, 40.317
31, 87.063, 35.492, 53.101
32, 25.779, 48.547, 20.390
33, 20.668, 27.309, 11.047
34, 17.521, 34.087, 83.087
35, 87.994, 53.284, 79.892
36, 20.758, 35.168, 42.070
37, 81.084, 24.417, 54.556
38, 77.496, 71.240, 24.470
39, 33.988, 27.519, 83.494
40, 46.244, 64.207, 5.794
41, 94.265, 55.591, 37.032
42, 31.349, 58.503, 28.632
43, 20.307, 37.315, 48.997
44, 18.384, 19.451, 57.772
45, 57.135, 50.625, 67.519
46, 63.343, 83.016, 9.445
47, 64.964, 63.705, 30.201
48, 82.531, 47.652, 28.839
49, 28.835, 22.687, 6.834
