0, 68.752, 68.403, 10.362
1, 85.993, 48.786, 24.638
2, 93.146, 49.603, 82.856
3, 79.817, 91.877, 27.422
4, 72.478, 49.943, 38.439
5, 48.761, 73.699, 44.564
6, 18.484, 14.638, 14.964
7, 6.512, 51.391, 26.058
8, 64.321, 78.796, 75.490
9, 65.027, 0.995, 85.717
10, 28.369, 73.678, 52.084
11, 44.557, 55.781, 51.510
12, 51.795, 84.484, 93.459
13, 52.214, 43.001, 61.938
14, 52.136, 81.741, 90.648
15, 72.960, 59.565, 83.244
16, 4.404, 91.222, 29.238
17, 76.434, 96.116, 79.685
18, 71.533, 88.862, 28.789
19, 86.858, 64.551, 11.588
20, 56.962, 81.961, 59.641
21, 55.571, 58.705, 49.242
22, 81.929, 62.612, 1.184
23, 24.927, 71.475, 62.986
24, 43.453, 53.256, 67.684
