0, 91.785, 63.709, 80.399
1, 38.539, 59.164, 9.926
2, 78.663, 8.587, 80.062
3, 5.577, 91.243, 50.646
4, 50.091, 41.812, 16.384
5, 23.432, 35.860, 58.984
6, 36.904, 82.378, 19.114
7, 89.444, 49.594, 91.659
8, 40.550, 6.836, 58.128
9, 97.663, 39.350, 97.906
10, 95.660, 99.134, 61.178
11, 27.592, 74.133, 3.478
12, 27.806, 54.564, 27.849
13, 2.761, 18.605, 33.811
14, 29.490, 69.045, 85.613
15, 62.745, 57.958, 61.654
16, 19.235, 90.678, 88.298
17, 30.573, 70.652, 10.758
18, 86.544, 29.716, 34.782
19, 27.827, 89.534, 83.058
20, 37.121, 36.766, 48.552
21, 64.957, 43.433, 53.921
22, 25.615, 25.954, 78.456
23, 12.036, 44.741, 59.752
24, 19.171, 93.577, 89.595
