0, 83.744, 49.826, 93.541
1, 39.677, 38.926, 87.873
2, 29.378, 12.555, 79.279
3, 92.029, 78.573, 15.875
4, 77.290, 2.892, 74.023
5, 53.975, 88.226, 2.185
6, 97.860, 77.250, 66.238
7, 63.492, 25.181, 59.101
8, 92.027, 73.484, 3.902
9, 41.548, 62.085, 62.388
10, 97.426, 1.838, 50.792
11, 40.661, 24.688, 94.590
12, 8.923, 58.778, 60.542
13, 6.120, 14.971, 29.367
14, 72.327, 27.399, 11.162
15, 73.636, 51.657, 31.492
16, 81.816, 41.067, 30.605
17, 88.609, 81.315, 35.185
18, 72.013, 6.753, 17.783
19, 50.837, 20.144, 8.301
20, 62.048, 27.226, 30.049
21, 63.164, 97.936, 25.837
22, 90.600, 2.796, 72.613
23, 71.186, 60.464, 26.073
24, 77.983, 65.710, 50.939
