0, 91.906, 51.387, 81.139
1, 67.259, 73.074, 67.948
2, 97.360, 6.545, 79.664
3, 29.288, 97.471, 58.936
4, 59.835, 84.805, 31.887
5, 76.726, 89.829, 5.124
6, 53.229, 98.916, 78.304
7, 23.296, 15.758, 74.414
8, 18.236, 74.960, 96.318
9, 49.457, 69.019, 18.597
10, 97.785, 1.501, 33.361
11, 20.994, 94.844, 76.507
12, 45.194, 91.465, 89.546
13, 48.472, 64.759, 79.202
14, 42.854, 52.994, 44.603
15, 25.802, 27.433, 49.683
16, 63.336, 77.968, 32.093
17, 21.512, 3.273, 39.676
18, 52.307, 79.852, 39.252
19, 62.515, 70.891, 12.522
20, 83.744, 59.248, 9.971
21, 10.569, 4.939, 61.077
22, 56.394, 10.089, 89.093
23, 45.124, 77.356, 9.985
24, 3.136, 15.094, 70.402
25, 88.133, 47.354, 30.758
26, 56.730, 1.047, 25.948
27, 30.087, 3.011, 59.919
28, 63.613, 17.848, 6.121
29, 83.086, 84.259, 86.723
30, 93.629, 80.107, 22.041
31, 86.125, 78.136, 75.711
32, 93.974, 28.556, 94.140
33, 74.588, 89.069, 78.778
34, 87.216, 20.402, 43.874
35, 56.632, 56.375, 72.140
36, 58.164, 95.328, 33.832
37, 27.539, 1.408, 29.582
38, 49.353, 57.123, 26.377
39, 85.777, 61.193, 45.342
40, 72.413, 26.782, 89.249
41, 82.685, 6.673, 96.926
42, 67.144, 5.674, 3.728
43, 35.375, 49.867, 8.817
44, 23.137, 41.350, 93.776
45, 29.160, 35.017, 74.642
46, 73.897, 78.617, 30.386
47, 86.270, 28.491, 26.903
48, 79.699, 8.109, 51.423
49, 0.289, 23.357, 32.490
