0, 69.983, 56.095, 22.543
1, 41.519, 89.668, 3.374
2, 83.325, 43.781, 4.288
3, 65.679, 94.675, 99.335
4, 17.835, 97.400, 70.096
5, 34.308, 79.424, 13.650
6, 79.386, 40.885, 49.807
7, 25.704, 28.182, 10.015
8, 33.112, 20.750, 23.541
9, 50.535, 19.952, 56.390
10, 63.950, 85.355, 62.159
11, 93.216, 2.308, 73.070
12, 25.571, 2.621, 46.721
13, 31.359, 10.105, 11.513
14, 90.220, 72.162, 20.704
15, 32.424, 25.082, 85.964
16, 81.796, 25.150, 36.090
17, 12.352, 42.771, 25.858
18, 77.832, 4.195, 13.053
19, 70.475, 56.403, 25.792
20, 54.704, 33.958, 70.090
21, 75.339, 9.050, 48.798
22, 17.029, 66.177, 84.681
23, 90.800, 31.004, 28.521
24, 99.696, 64.686, 72.413
