0, 29.673, 25.587, 98.045
1, 19.378, 22.262, 63.920
2, 50.890, 4.255, 62.575
3, 42.123, 74.837, 54.178
4, 9.284, 45.829, 79.782
5, 37.698, 80.246, 27.705
6, 37.703, 61.198, 14.171
7, 74.020, 54.609, 73.218
8, 32.435, 11.844, 88.558
9, 15.308, 0.010, 21.736
10, 21.652, 79.594, 88.774
11, 69.670, 8.493, 66.112
12, 62.432, 99.440, 16.468
13, 30.071, 66.488, 75.769
14, 99.640, 7.063, 43.126
15, 43.504, 52.816, 99.949
16, 7.321, 51.615, 22.321
17, 96.598, 67.704, 76.796
18, 29.271, 35.209, 41.829
19, 78.772, 19.617, 76.389
20, 25.820, 92.270, 75.584
21, 18.197, 74.869, 34.785
22, 94.085, 97.646, 72.883
23, 31.854, 33.081, 44.715
24, 57.176, 40.778, 63.805
25, 77.417, 64.547, 77.368
26, 45.203, 89.288, 75.559
27, 59.278, 81.049, 56.279
28, 24.716, 77.722, 49.574
29, 25.432, 57.958, 25.808
30, 48.896, 75.334, 84.243
31, 59.569, 61.112, 27.536
32, 16.161, 11.561, 23.722
33, 99.352, 54.537, 13.719
34, 28.832, 48.936, 81.054
35, 43.746, 52.393, 5.470
36, 80.895, 28.383, 5.974
37, 41.759, 94.155, 86.175
38, 69.584, 78.611, 4.081
39, 96.923, 46.166, 18.355
40, 23.167, 96.634, 61.634
41, 43.072, 90.878, 22.015
42, 50.654, 92.810, 42.013
43, 10.791, 10.565, 25.008
44, 39.123, 76.115, 63.479
45, 70.062, 70.481, 79.156
46, 59.271, 41.843, 19.762
47, 79.475, 52.734, 94.188
48, 90.774, 90.421, 50.126
49, 12.236, 58.322, 17.555
