0, 50.210, 93.437, 87.835
1, 51.530, 36.621, 11.642
2, 17.387, 66.316, 63.545
3, 4.214, 13.729, 29.963
4, 62.680, 15.454, 54.634
5, 19.849, 48.955, 35.397
6, 1.180, 96.690, 26.715
7, 90.727, 67.059, 48.572
8, 90.784, 14.363, 46.102
9, 98.458, 98.479, 56.555
10, 71.519, 78.137, 1.318
11, 80.389, 62.129, 36.406
12, 1.830, 44.885, 60.017
13, 15.431, 36.870, 85.515
14, 2.533, 11.677, 25.813
15, 28.529, 31.941, 28.878
16, 6.335, 93.437, 87.519
17, 67.129, 61.752, 48.748
18, 77.752, 42.209, 54.659
19, 9.686, 99.985, 62.949
20, 9.038, 88.686, 66.054
21, 2.557, 28.699, 35.916
22, 24.087, 3.328, 60.743
23, 1.578, 1.918, 3.901
24, 69.674, 83.612, 82.387
