0, 77.823, 84.646, 63.033
1, 5.971, 92.915, 47.611
2, 94.097, 37.579, 14.570
3, 90.487, 90.852, 12.957
4, 94.529, 91.436, 83.395
5, 52.358, 1.617, 31.909
6, 23.506, 20.125, 36.977
7, 67.705, 71.378, 61.997
8, 28.033, 79.946, 50.910
9, 74.261, 58.940, 58.418
10, 68.978, 54.808, 45.997
11, 58.523, 45.753, 42.981
12, 39.153, 45.912, 55.730
13, 1.876, 23.108, 33.648
14, 26.719, 38.414, 58.258
15, 42.186, 24.929, 63.171
16, 98.175, 12.264, 19.278
17, 83.626, 7.098, 84.728
18, 3.931, 62.478, 60.347
19, 59.674, 35.888, 28.415
20, 76.174, 54.175, 69.295
21, 51.274, 53.122, 88.062
22, 76.828, 17.132, 39.378
23, 25.798, 77.480, 29.579
24, 92.220, 88.040, 37.473
25, 50.879, 39.076, 33.400
26, 46.696, 42.076, 8.001
27, 61.686, 24.743, 39.109
28, 21.220, 62.149, 40.359
29, 42.376, 81.402, 75.090
30, 32.442, 84.416, 49.825
31, 14.821, 92.748, 40.463
32, 75.826, 43.212, 58.703
33, 74.060, 9.112, 13.460
34, 90.751, 39.766, 88.593
35, 87.035, 18.904, 43.964
36, 69.042, 53.255, 88.528
37, 79.019, 58.678, 60.861
38, 10.410, 44.644, 43.776
39, 84.181, 87.394, 61.669
40, 14.529, 89.420, 97.999
41, 12.566, 60.517, 29.055
42, 83.200, 95.653, 40.177
43, 45.975, 78.308, 71.184
44, 63.866, 80.130, 95.266
45, 41.761, 97.075, 52.144
46, 9.259, 15.909, 11.141
47, 2.434, 14.483, 75.641
48, 28.572, 16.799, 33.064
49, 14.931, 5.523, 81.929
