0, 6.500, 69.974, 12.658
1, 14.088, 90.322, 66.537
2, 15.961, 6.907, 71.704
3, 26.569, 33.860, 55.572
4, 10.409, 50.527, 91.671
5, 77.037, 14.249, 82.026
6, 19.397, 70.619, 94.169
7, 59.815, 40.175, 7.737
8, 35.156, 77.052, 31.954
9, 60.924, 77.762, 82.935
10, 91.428, 49.413, 70.231
11, 46.011, 75.784, 36.597
12, 4.677, 90.627, 70.656
13, 66.926, 16.067, 94.497
14, 19.786, 34.485, 76.209
15, 49.470, 90.647, 64.927
16, 62.703, 89.479, 61.937
17, 53.465, 51.323, 8.132
18, 36.032, 54.621, 62.565
19, 92.248, 90.919, 36.957
20, 3.247, 93.876, 56.648
21, 42.366, 43.979, 45.726
22, 0.116, 52.812, 21.098
23, 27.011, 54.399, 6.616
24, 90.607, 25.831, 47.590
25, 25.552, 72.294, 30.368
26, 78.800, 15.525, 14.542
27, 59.578, 46.160, 30.255
28, 7.439, 44.696, 53.576
29, 26.340, 52.142, 68.980
30, 64.354, 3.511, 46.530
31, 3.817, 47.147, 35.133
32, 40.463, 80.434, 77.894
33, 20.375, 35.241, 89.899
34, 69.208, 16.671, 83.041
35, 72.222, 28.254, 67.386
36, 18.507, 34.321, 75.784
37, 61.683, 90.140, 24.070
38, 61.974, 63.800, 49.763
39, 62.383, 82.122, 15.271
40, 51.717, 18.359, 98.503
41, 52.903, 21.921, 32.970
42, 77.490, 6.238, 2.601
43, 77.544, 60.021, 58.102
44, 21.824, 8.103, 65.127
45, 96.232, 64.601, 51.021
46, 19.010, 57.173, 10.396
47, 82.225, 23.883, 51.119
48, 68.847, 11.606, 51.611
49, 11.919, 92.632, 54.577
