0, 18.316, 36.166, 97.450
1, 36.777, 81.939, 38.851
2, 3.356, 22.305, 91.561
3, 55.590, 90.902, 11.659
4, 92.802, 16.747, 41.104
5, 87.011, 31.463, 81.977
6, 85.922, 20.665, 17.799
7, 60.243, 2.381, 16.628
8, 56.760, 22.234, 13.807
9, 36.694, 33.036, 31.051
10, 0.155, 65.737, 5.571
11, 96.193, 36.492, 41.205
12, 49.849, 63.836, 31.043
13, 94.705, 75.338, 29.988
14, 35.339, 75.608, 16.396
15, 27.371, 14.395, 1.346
16, 85.078, 7.802, 18.976
17, 92.540, 36.939, 3.961
18, 0.849, 90.008, 92.680
19, 75.444, 16.410, 76.870
20, 84.864, 17.266, 62.739
21, 56.594, 24.412, 53.471
22, 97.728, 44.470, 26.597
23, 65.985, 34.908, 31.233
24, 33.283, 94.984, 16.196
