0, 55.400, 6.780, 59.871
1, 21.450, 2.336, 89.280
2, 45.108, 3.724, 18.621
3, 98.905, 79.068, 34.725
4, 99.651, 11.285, 22.965
5, 37.023, 2.180, 92.670
6, 10.287, 87.593, 50.214
7, 92.172, 64.852, 1.723
8, 70.455, 75.034, 79.063
9, 91.322, 21.469, 54.957
10, 55.118, 92.440, 92.342
11, 27.575, 56.345, 45.413
12, 27.203, 81.567, 97.997
13, 5.394, 47.326, 56.856
14, 90.040, 0.594, 10.174
15, 7.574, 67.020, 49.155
16, 68.509, 1.168, 74.186
17, 87.692, 90.075, 95.776
18, 96.799, 86.382, 50.253
19, 78.699, 86.027, 98.531
20, 76.208, 69.970, 50.984
21, 76.497, 6.479, 34.370
22, 90.522, 11.030, 86.809
23, 60.750, 5.047, 17.095
24, 44.724, 38.281, 65.048
