0, 19.568, 31.043, 31.745
1, 58.398, 12.811, 17.618
2, 31.659, 25.911, 23.438
3, 34.294, 27.025, 96.124
4, 10.246, 75.809, 11.488
5, 73.499, 54.080, 44.422
6, 1.935, 56.308, 59.356
7, 2.750, 60.454, 2.672
8, 50.330, 28.136, 99.353
9, 42.362, 78.121, 50.628
10, 7.730, 83.311, 43.625
11, 90.612, 49.316, 71.912
12, 74.356, 6.465, 63.066
13, 48.362, 6.284, 41.476
14, 92.937, 64.077, 30.426
15, 45.413, 5.019, 96.870
16, 37.637, 72.813, 51.208
17, 36.562, 36.662, 12.493
18, 28.212, 63.981, 73.965
19, 23.852, 80.617, 73.021
20, 82.728, 5.999, 10.924
21, 86.677, 75.068, 71.991
22, 5.533, 30.359, 24.925
23, 68.101, 44.355, 66.576
24, 11.358, 96.147, 39.439
25, 32.197, 26.795, 13.002
26, 79.061, 24.425, 5.485
27, 85.334, 1.881, 27.999
28, 0.360, 60.466, 70.933
29, 15.620, 44.386, 82.644
30, 10.262, 39.213, 83.955
31, 13.237, 66.152, 8.942
32, 36.614, 72.664, 11.351
33, 4.660, 22.635, 94.955
34, 75.050, 5.979, 43.191
35, 17.612, 81.850, 15.242
36, 48.045, 95.115, 23.641
37, 44.223, 0.206, 42.715
38, 81.497, 23.816, 52.526
39, 66.225, 67.097, 25.450
40, 96.352, 87.266, 5.555
41, 95.057, 90.000, 17.807
42, 13.232, 96.493, 92.891
43, 19.264, 94.750, 56.918
44, 71.932, 63.722, 37.926
45, 53.755, 44.960, 30.469
46, 2.628, 75.262, 24.126
47, 11.080, 11.018, 10.918
48, 82.101, 97.148, 53.655
49, 85.682, 38.632, 69.264
