0, 45.306, 56.611, 7.543
1, 61.059, 10.746, 48.553
2, 22.194, 22.711, 50.040
3, 44.004, 98.773, 16.751
4, 52.470, 32.846, 69.557
5, 53.797, 71.812, 97.239
6, 78.857, 46.981, 69.582
7, 51.578, 47.923, 4.119
8, 65.487, 44.714, 83.910
9, 10.612, 49.109, 32.767
10, 1.308, 74.599, 75.479
11, 57.217, 91.208, 47.625
12, 66.544, 13.597, 50.107
13, 10.817, 25.526, 35.913
14, 91.865, 58.709, 58.325
15, 89.321, 34.277, 92.999
16, 64.780, 91.412, 94.804
17, 81.381, 26.438, 56.587
18, 14.421, 37.940, 44.415
19, 74.967, 26.799, 63.350
20, 1.603, 78.978, 49.231
21, 80.194, 33.107, 90.267
22, 61.812, 50.619, 31.022
23, 88.067, 2.170, 87.776
24, 66.958, 61.701, 84.943
