0, 4.754, 93.791, 11.498
1, 54.160, 5.192, 93.602
2, 37.821, 73.288, 14.695
3, 13.984, 37.965, 65.397
4, 18.702, 82.113, 23.349
5, 52.377, 55.439, 88.488
6, 10.017, 26.204, 51.671
7, 17.057, 40.986, 26.578
8, 79.507, 32.974, 25.042
9, 39.162, 57.027, 3.506
10, 88.540, 9.045, 49.964
11, 45.970, 75.964, 76.775
12, 38.381, 86.059, 75.517
13, 83.117, 17.868, 19.724
14, 82.974, 48.732, 57.936
15, 12.674, 9.144, 83.390
16, 82.876, 17.869, 86.861
17, 78.557, 32.679, 25.083
18, 15.088, 65.230, 1.863
19, 35.058, 3.301, 84.215
20, 72.887, 29.675, 54.212
21, 34.912, 32.839, 4.231
22, 55.333, 60.085, 58.995
23, 67.602, 57.358, 70.874
24, 35.107, 66.907, 2.932
25, 75.458, 49.946, 90.893
26, 35.040, 3.619, 21.399
27, 0.345, 38.144, 6.141
28, 8.633, 0.169, 70.340
29, 7.225, 88.954, 3.441
30, 86.373, 35.050, 53.967
31, 57.235, 98.085, 89.316
32, 25.280, 77.043, 12.260
33, 80.609, 3.784, 45.169
34, 42.998, 66.354, 22.067
35, 32.040, 87.301, 62.494
36, 81.390, 74.503, 74.383
37, 6.760, 65.651, 27.916
38, 29.464, 75.160, 92.350
39, 88.822, 95.244, 91.781
40, 56.599, 24.721, 89.295
41, 97.154, 6.167, 58.377
42, 12.724, 86.833, 59.400
43, 80.158, 30.765, 61.335
44, 25.388, 11.528, 59.615
45, 86.418, 53.113, 31.745
46, 46.077, 26.502, 22.009
47, 73.173, 83.819, 3.333
48, 66.619, 60.844, 55.645
49, 82.064, 15.549, 99.416
