0, 85.203, 46.091, 57.096
1, 44.594, 57.670, 84.106
2, 99.747, 2.100, 87.251
3, 58.509, 56.507, 96.504
4, 87.706, 68.073, 18.795
5, 0.032, 15.699, 73.255
6, 31.177, 50.366, 46.791
7, 45.749, 14.316, 6.748
8, 8.699, 47.150, 21.759
9, 23.948, 32.845, 38.660
10, 37.462, 99.426, 81.708
11, 5.035, 65.068, 8.252
12, 29.458, 20.074, 8.637
13, 41.774, 32.390, 37.526
14, 79.256, 63.390, 68.509
15, 25.437, 33.132, 88.919
16, 58.621, 7.413, 56.691
17, 61.914, 36.137, 7.228
18, 3.553, 92.496, 46.892
19, 39.589, 43.596, 10.969
20, 18.569, 83.957, 49.804
21, 60.914, 13.670, 39.445
22, 59.085, 60.738, 34.676
23, 70.481, 59.683, 13.657
24, 10.525, 22.243, 28.773
25, 23.177, 38.148, 87.053
26, 66.946, 16.711, 31.683
27, 61.795, 37.847, 28.952
28, 92.180, 54.678, 97.716
29, 77.571, 92.704, 65.351
30, 20.797, 84.430, 46.290
31, 45.797, 84.847, 89.742
32, 50.096, 21.485, 50.614
33, 91.133, 33.772, 30.172
34, 40.839, 72.163, 6.464
35, 34.020, 51.989, 14.559
36, 94.520, 0.186, 79.632
37, 91.412, 44.575, 20.992
38, 28.897, 72.714, 88.760
39, 18.783, 34.400, 58.941
40, 76.532, 94.763, 40.428
41, 16.690, 47.248, 41.575
42, 23.190, 91.942, 24.354
43, 18.101, 16.788, 41.585
44, 93.786, 22.908, 83.504
45, 89.285, 49.960, 81.199
46, 64.912, 38.621, 15.870
47, 88.154, 3.723, 5.490
48, 21.909, 4.917, 28.848
49, 85.160, 42.124, 96.878
