0, 76.013, 44.312, 56.279
1, 17.503, 65.308, 8.363
2, 34.212, 38.149, 68.246
3, 49.682, 60.028, 84.493
4, 6.283, 65.111, 80.034
5, 7.686, 12.884, 84.441
6, 2.115, 34.112, 48.607
7, 34.906, 95.127, 51.158
8, 32.190, 24.322, 32.073
9, 71.567, 24.509, 20.610
10, 71.088, 18.342, 20.207
11, 96.996, 25.083, 55.836
12, 69.440, 81.014, 95.485
13, 58.332, 80.031, 10.261
14, 52.808, 82.672, 44.537
15, 43.699, 0.057, 73.952
16, 6.746, 77.529, 76.158
17, 19.334, 97.833, 82.072
18, 4.183, 67.587, 58.339
19, 23.611, 98.913, 94.399
20, 39.579, 54.151, 11.249
21, 23.339, 86.094, 69.574
22, 71.366, 33.601, 15.564
23, 47.953, 73.080, 35.388
24, 88.466, 51.496, 77.969
