0, 95.312, 66.082, 32.290
1, 82.160, 62.303, 48.041
2, 28.964, 80.744, 30.154
3, 70.578, 39.217, 44.630
4, 6.097, 63.122, 65.851
5, 1.368, 55.794, 37.947
6, 45.500, 61.579, 95.113
7, 65.696, 10.484, 5.005
8, 87.713, 24.624, 19.862
9, 53.574, 77.608, 6.988
10, 59.517, 54.756, 36.036
11, 68.772, 88.580, 75.890
12, 12.752, 15.814, 87.447
13, 21.615, 56.481, 2.182
14, 19.680, 89.082, 95.248
15, 27.347, 29.004, 5.717
16, 41.807, 13.075, 93.196
17, 44.716, 5.291, 85.666
18, 13.908, 64.595, 92.456
19, 72.821, 38.747, 3.960
20, 26.061, 61.991, 87.363
21, 31.368, 72.625, 77.113
22, 94.794, 47.853, 88.790
23, 47.125, 88.817, 55.451
24, 66.530, 98.046, 63.284
