0, 41.800, 33.498, 3.577
1, 62.412, 43.903, 95.779
2, 93.136, 53.008, 76.009
3, 0.637, 7.091, 76.214
4, 4.975, 42.090, 29.299
5, 90.553, 70.802, 1.524
6, 86.614, 4.823, 63.648
7, 29.931, 6.276, 30.513
8, 4.119, 31.477, 48.463
9, 3.494, 21.727, 21.808
10, 86.381, 25.769, 21.565
11, 57.897, 97.971, 93.547
12, 55.027, 32.099, 4.179
13, 40.410, 88.197, 47.800
14, 72.294, 25.757, 80.930
15, 70.830, 25.661, 60.552
16, 43.773, 54.030, 82.657
17, 6.501, 82.163, 74.158
18, 8.406, 72.665, 19.280
19, 2.101, 22.665, 89.367
20, 99.841, 77.849, 48.569
21, 69.587, 97.907, 9.117
22, 30.245, 51.278, 16.736
23, 54.602, 49.895, 79.963
24, 11.258, 18.675, 51.503
25, 81.506, 22.593, 86.371
26, 23.931, 33.523, 25.120
27, 49.129, 60.758, 49.949
28, 51.336, 38.983, 13.618
29, 91.178, 74.501, 68.742
30, 19.592, 74.455, 39.098
31, 50.235, 73.499, 72.090
32, 35.222, 64.006, 56.726
33, 8.967, 8.532, 43.087
34, 72.500, 41.491, 76.048
35, 7.886, 56.316, 16.622
36, 4.563, 8.568, 10.680
37, 49.627, 22.428, 48.404
38, 37.409, 3.026, 97.950
39, 75.828, 62.450, 92.562
40, 71.621, 80.304, 85.966
41, 52.982, 39.297, 15.828
42, 9.930, 67.444, 18.009
43, 96.200, 49.585, 80.949
44, 50.080, 30.016, 28.907
45, 15.512, 74.642, 87.241
46, 87.949, 55.117, 67.769
47, 86.982, 77.303, 28.819
48, 24.401, 57.955, 72.618
49, 10.990, 50.495, 36.965
