0, 38.800, 82.010, 68.433
1, 61.082, 56.125, 78.574
2, 84.388, 68.125, 83.282
3, 71.884, 79.492, 2.412
4, 67.829, 78.900, 2.135
5, 35.957, 75.070, 94.553
6, 68.422, 86.037, 64.207
7, 26.625, 71.299, 61.985
8, 36.414, 4.439, 37.781
9, 80.297, 86.274, 22.363
10, 67.575, 19.031, 93.311
11, 95.400, 69.270, 75.794
12, 33.315, 64.765, 7.978
13, 80.439, 23.356, 63.224
14, 58.309, 88.584, 1.294
15, 43.391, 20.672, 87.216
16, 84.174, 20.873, 42.507
17, 45.042, 65.840, 9.490
18, 82.643, 50.886, 42.117
19, 28.285, 63.686, 21.037
20, 33.213, 56.344, 46.266
21, 85.386, 53.876, 44.234
22, 6.604, 45.571, 48.879
23, 64.916, 3.201, 11.176
24, 6.227, 44.606, 37.183
