0, 42.207, 9.982, 93.909
1, 52.546, 39.340, 60.726
2, 45.121, 6.469, 49.274
3, 95.775, 34.815, 12.898
4, 48.845, 87.512, 84.443
5, 39.112, 61.780, 60.482
6, 79.910, 22.884, 25.419
7, 75.496, 72.868, 48.765
8, 20.522, 63.694, 6.445
9, 30.936, 28.235, 31.087
10, 77.586, 6.557, 68.000
11, 75.596, 63.735, 36.959
12, 97.629, 28.781, 88.005
13, 42.057, 93.628, 42.708
14, 69.605, 89.421, 89.416
15, 9.297, 65.720, 47.053
16, 53.814, 15.343, 61.985
17, 0.654, 38.742, 71.575
18, 48.001, 65.120, 1.386
19, 61.868, 97.492, 92.615
20, 60.405, 84.444, 83.726
21, 67.592, 58.181, 30.140
22, 15.715, 38.077, 26.835
23, 12.198, 54.994, 61.735
24, 70.943, 44.620, 80.674
25, 63.855, 86.343, 55.170
26, 28.490, 18.071, 31.049
27, 70.074, 52.807, 85.644
28, 46.832, 90.424, 46.198
29, 88.862, 44.241, 61.475
30, 29.937, 13.607, 40.359
31, 79.390, 30.808, 85.841
32, 68.670, 87.527, 87.257
33, 45.191, 30.156, 75.855
34, 46.245, 5.855, 39.708
35, 98.915, 69.054, 19.967
36, 33.020, 46.628, 7.490
37, 68.417, 43.016, 8.707
38, 2.175, 33.141, 3.811
39, 24.636, 28.882, 19.041
40, 70.379, 39.993, 95.713
41, 5.495, 26.786, 7.674
42, 7.569, 79.038, 91.705
43, 61.225, 82.966, 18.617
44, 0.870, 67.091, 45.500
45, 96.853, 25.352, 3.957
46, 35.868, 49.106, 52.126
47, 99.095, 95.678, 13.903
48, 93.610, 7.848, 14.515
49, 73.611, 66.752, 19.400
