0, 71.217, 27.485, 74.098
1, 67.958, 34.378, 24.840
2, 5.691, 21.400, 65.453
3, 40.205, 0.567, 66.170
4, 97.814, 19.741, 45.930
5, 74.973, 72.346, 85.057
6, 20.318, 89.104, 33.190
7, 43.760, 27.761, 48.433
8, 29.256, 14.733, 20.403
9, 18.429, 47.386, 90.794
10, 43.974, 69.638, 94.755
11, 49.335, 81.276, 83.062
12, 20.964, 58.909, 67.289
13, 16.487, 30.721, 38.270
14, 75.884, 45.985, 64.800
15, 15.620, 39.647, 46.666
16, 95.354, 5.259, 4.319
17, 43.137, 15.893, 66.016
18, 73.539, 74.518, 15.744
19, 68.550, 91.560, 83.893
20, 34.130, 82.639, 10.408
21, 14.347, 76.950, 66.948
22, 34.847, 22.544, 1.077
23, 16.135, 61.678, 76.888
24, 6.509, 46.061, 8.876
25, 61.841, 59.635, 13.324
26, 51.360, 69.192, 15.433
27, 90.242, 79.244, 48.679
28, 18.504, 95.028, 52.484
29, 95.876, 38.887, 17.959
30, 63.622, 59.540, 64.569
31, 72.600, 77.523, 73.067
32, 47.122, 22.267, 1.057
33, 9.758, 47.968, 96.928
34, 81.043, 8.401, 47.084
35, 93.603, 56.181, 59.771
36, 97.229, 79.138, 96.062
37, 13.659, 22.043, 57.582
38, 13.785, 20.754, 4.676
39, 12.770, 80.779, 25.519
40, 50.321, 17.977, 71.054
41, 19.713, 13.713, 81.676
42, 16.758, 5.716, 78.179
43, 83.018, 91.704, 58.828
44, 66.500, 48.243, 12.152
45, 99.799, 13.044, 13.966
46, 3.210, 54.540, 95.927
47, 54.557, 92.809, 47.629
48, 86.932, 89.614, 14.120
49, 58.877, 79.479, 23.228
