0, 88.347, 79.734, 1.380
1, 43.475, 40.317, 1.289
2, 26.083, 68.891, 78.099
3, 57.691, 5.661, 55.099
4, 43.714, 0.874, 99.000
5, 56.548, 47.995, 75.443
6, 91.057, 2.098, 28.301
7, 54.975, 84.728, 51.480
8, 68.964, 97.119, 82.422
9, 67.879, 48.007, 41.619
10, 50.981, 13.545, 83.802
11, 62.293, 43.532, 7.621
12, 25.066, 26.921, 70.009
13, 6.451, 69.094, 75.041
14, 86.229, 90.482, 64.683
15, 92.482, 96.328, 12.999
16, 53.527, 81.150, 79.485
17, 77.870, 36.039, 23.439
18, 21.224, 26.178, 82.069
19, 13.845, 13.600, 69.947
20, 26.692, 33.074, 43.415
21, 50.905, 61.283, 74.703
22, 67.658, 39.141, 86.594
23, 13.021, 13.112, 21.662
24, 92.850, 4.995, 78.354
