0, 35.221, 28.950, 6.729
1, 8.534, 53.988, 6.315
2, 64.525, 15.257, 55.948
3, 69.805, 59.731, 34.723
4, 39.042, 61.977, 44.549
5, 77.022, 49.596, 32.260
6, 12.575, 89.951, 80.435
7, 73.026, 84.924, 7.731
8, 47.516, 9.069, 66.611
9, 67.430, 12.211, 84.751
10, 15.020, 42.060, 76.474
11, 13.657, 23.155, 62.346
12, 19.059, 80.940, 40.001
13, 96.628, 13.950, 15.561
14, 37.148, 16.202, 30.334
15, 25.962, 17.682, 43.813
16, 32.312, 39.524, 88.836
17, 57.080, 56.097, 56.327
18, 65.575, 30.405, 75.493
19, 27.139, 27.597, 99.352
20, 34.550, 48.894, 19.928
21, 76.511, 91.170, 47.280
22, 2.436, 23.980, 66.739
23, 84.095, 57.361, 67.339
24, 35.861, 18.769, 99.273
25, 92.119, 76.984, 30.404
26, 86.501, 48.673, 3.878
27, 14.644, 5.689, 48.539
28, 95.128, 70.038, 50.847
29, 17.946, 27.902, 60.873
30, 39.881, 88.189, 29.661
31, 29.622, 9.141, 45.649
32, 61.340, 49.389, 62.355
33, 94.147, 92.213, 81.280
34, 76.738, 12.756, 51.531
35, 9.378, 39.299, 88.589
36, 63.929, 67.586, 30.069
37, 46.678, 66.210, 92.860
38, 2.111, 85.584, 31.275
39, 40.559, 1.126, 16.582
40, 31.057, 30.464, 68.919
41, 46.268, 97.320, 82.242
42, 60.742, 18.150, 45.927
43, 31.644, 30.594, 77.719
44, 88.570, 96.007, 7.204
45, 84.053, 12.551, 10.814
46, 36.286, 30.470, 64.559
47, 37.107, 43.291, 28.352
48, 97.079, 18.918, 89.154
49, 74.460, 98.159, 52.880
