0, 90.409, 20.530, 84.255
1, 63.274, 46.010, 29.122
2, 31.875, 60.113, 58.707
3, 16.774, 97.569, 16.622
4, 86.616, 80.906, 38.544
5, 94.564, 33.461, 29.633
6, 6.866, 62.803, 75.204
7, 34.788, 67.756, 44.387
8, 92.548, 57.527, 36.286
9, 47.705, 30.024, 86.444
10, 95.992, 85.667, 73.516
11, 43.986, 84.148, 35.851
12, 18.652, 79.842, 4.821
13, 39.518, 78.447, 62.240
14, 94.140, 36.380, 18.591
15, 40.866, 12.569, 82.795
16, 90.860, 35.210, 26.931
17, 65.064, 99.591, 2.933
18, 37.186, 81.768, 20.146
19, 54.555, 6.930, 26.566
20, 52.250, 1.139, 36.744
21, 81.124, 42.529, 34.917
22, 37.669, 72.469, 3.181
23, 96.501, 81.061, 41.351
24, 97.149, 32.414, 69.628
25, 72.973, 74.037, 86.417
26, 73.600, 27.327, 84.346
27, 33.600, 8.316, 67.425
28, 70.256, 60.568, 50.333
29, 91.079, 82.177, 8.487
30, 72.262, 19.203, 36.461
31, 38.894, 52.849, 40.099
32, 89.246, 30.218, 70.228
33, 64.229, 75.741, 13.839
34, 89.615, 67.945, 71.275
35, 41.187, 50.771, 69.062
36, 7.224, 39.844, 85.046
37, 88.847, 12.676, 55.829
38, 63.475, 37.619, 51.515
39, 97.816, 92.755, 55.802
40, 65.606, 24.411, 86.938
41, 38.984, 50.641, 45.054
42, 43.706, 7.365, 92.675
43, 33.877, 90.459, 95.960
44, 21.092, 1.352, 56.700
45, 94.482, 15.538, 56.219
46, 68.564, 10.386, 70.777
47, 81.156, 23.845, 80.755
48, 47.897, 84.792, 57.734
49, 74.426, 76.136, 52.737
