0, 10.324, 40.515, 92.613
1, 5.976, 6.804, 57.484
2, 7.441, 25.007, 36.046
3, 72.465, 88.346, 70.894
4, 98.540, 67.687, 76.611
5, 2.892, 81.195, 3.266
6, 58.309, 45.858, 36.193
7, 36.150, 42.762, 24.721
8, 69.223, 61.882, 53.279
9, 46.307, 45.549, 60.356
10, 61.160, 65.104, 88.658
11, 30.904, 50.231, 5.086
12, 16.507, 78.377, 87.762
13, 31.912, 42.845, 8.499
14, 96.483, 26.301, 96.424
15, 64.864, 95.341, 45.198
16, 9.239, 72.284, 95.448
17, 48.106, 21.890, 42.856
18, 20.259, 13.935, 29.521
19, 86.045, 70.522, 57.919
20, 17.625, 34.227, 12.920
21, 48.506, 69.968, 5.120
22, 97.084, 13.930, 45.528
23, 20.322, 29.035, 64.243
24, 34.414, 27.482, 76.517
