0, 77.176, 63.434, 85.965
1, 62.304, 61.403, 36.536
2, 21.878, 20.709, 3.824
3, 31.684, 56.688, 24.853
4, 78.582, 91.090, 29.312
5, 51.955, 54.900, 34.946
6, 11.177, 55.519, 46.238
7, 16.986, 20.418, 21.087
8, 70.851, 25.191, 83.336
9, 53.958, 81.989, 68.350
10, 75.010, 99.443, 64.650
11, 20.477, 86.117, 42.882
12, 51.220, 58.133, 19.572
13, 31.101, 40.705, 99.338
14, 26.672, 43.973, 70.783
15, 14.375, 33.427, 27.551
16, 79.963, 61.537, 63.755
17, 84.276, 96.264, 73.229
18, 94.473, 44.563, 54.151
19, 59.275, 95.036, 83.203
20, 11.492, 32.947, 93.626
21, 5.501, 56.638, 92.409
22, 28.271, 13.514, 14.909
23, 20.210, 44.022, 58.291
24, 62.098, 31.817, 41.439
