0, 18.730, 27.410, 53.161
1, 63.747, 78.316, 78.700
2, 23.512, 49.894, 74.777
3, 36.434, 39.643, 72.737
4, 61.727, 99.709, 69.714
5, 42.775, 51.354, 14.156
6, 2.296, 60.765, 93.165
7, 77.082, 64.330, 98.666
8, 43.687, 53.445, 70.589
9, 47.689, 69.202, 1.196
10, 21.111, 31.772, 39.157
11, 74.620, 68.514, 53.921
12, 24.873, 0.692, 15.073
13, 54.839, 47.560, 17.392
14, 54.219, 62.012, 48.551
15, 62.769, 59.960, 6.351
16, 23.465, 0.141, 82.503
17, 45.657, 25.555, 13.611
18, 88.384, 28.746, 9.358
19, 66.536, 34.085, 25.709
20, 56.739, 1.094, 54.722
21, 87.693, 90.773, 56.470
22, 81.453, 40.134, 11.079
23, 9.872, 56.173, 75.261
24, 17.768, 28.240, 10.632
