0, 12.404, 39.068, 5.555
1, 85.375, 59.905, 22.101
2, 90.387, 79.416, 37.804
3, 81.713, 24.590, 13.127
4, 15.975, 98.626, 6.026
5, 73.759, 1.067, 49.162
6, 79.677, 27.757, 75.476
7, 48.448, 42.684, 45.622
8, 96.040, 12.940, 48.678
9, 79.634, 85.217, 54.660
10, 27.861, 17.656, 59.554
11, 84.570, 90.154, 14.269
12, 27.259, 63.045, 4.255
13, 11.758, 75.529, 63.501
14, 14.474, 93.526, 57.922
15, 39.245, 8.620, 36.609
16, 54.861, 6.425, 95.929
17, 63.698, 75.870, 55.284
18, 31.578, 99.438, 91.387
19, 54.083, 35.277, 78.693
20, 25.256, 14.743, 65.710
21, 43.741, 95.693, 37.897
22, 23.917, 2.376, 72.733
23, 44.046, 26.624, 35.395
24, 22.057, 99.567, 49.170
