0, 67.014, 83.771, 80.239
1, 53.687, 90.847, 3.744
2, 43.317, 8.922, 26.848
3, 28.369, 98.330, 25.330
4, 2.023, 50.443, 50.284
5, 3.642, 74.178, 40.632
6, 76.411, 50.938, 80.392
7, 42.838, 25.039, 34.764
8, 13.028, 88.356, 89.967
9, 12.153, 81.031, 36.712
10, 77.448, 45.642, 63.987
11, 91.443, 77.066, 48.091
12, 7.689, 84.562, 67.767
13, 8.772, 6.366, 55.052
14, 27.652, 55.937, 33.221
15, 49.824, 8.108, 51.418
16, 38.874, 44.352, 19.065
17, 61.301, 55.767, 31.629
18, 30.436, 80.042, 25.100
19, 9.655, 12.179, 81.427
20, 11.867, 47.021, 5.741
21, 71.733, 7.346, 64.144
22, 77.768, 74.258, 89.418
23, 60.626, 41.321, 57.901
24, 6.447, 38.609, 23.912
25, 40.181, 4.976, 19.739
26, 64.714, 65.886, 25.123
27, 69.864, 27.350, 18.276
28, 48.725, 19.834, 56.095
29, 69.303, 82.169, 4.759
30, 31.879, 12.071, 87.716
31, 72.120, 57.289, 51.288
32, 62.397, 96.338, 58.088
33, 14.252, 32.625, 72.130
34, 38.854, 74.386, 98.406
35, 33.924, 37.393, 98.611
36, 91.573, 53.493, 81.445
37, 85.128, 30.631, 22.922
38, 25.332, 63.081, 3.011
39, 70.555, 19.487, 8.499
40, 93.897, 3.540, 35.202
41, 21.515, 49.283, 27.976
42, 97.136, 68.094, 44.557
43, 63.498, 96.100, 94.535
44, 71.475, 67.957, 10.248
45, 33.037, 70.131, 94.095
46, 18.689, 5.980, 97.113
47, 16.425, 26.075, 62.867
48, 74.104, 76.443, 45.343
49, 78.724, 14.925, 32.649
