0, 30.986, 19.853, 36.994
1, 25.589, 34.403, 86.192
2, 88.517, 66.492, 92.893
3, 67.215, 35.989, 59.264
4, 23.799, 23.341, 94.602
5, 36.984, 46.897, 43.020
6, 98.852, 61.000, 94.258
7, 37.021, 4.355, 12.731
8, 32.521, 87.757, 29.404
9, 59.617, 96.882, 98.699
10, 85.421, 56.606, 82.807
11, 71.681, 80.606, 89.823
12, 67.528, 60.015, 20.356
13, 98.082, 6.652, 31.810
14, 14.663, 90.569, 71.505
15, 94.709, 50.182, 84.508
16, 6.073, 13.643, 46.511
17, 90.582, 70.501, 54.991
18, 42.516, 0.241, 50.456
19, 28.813, 0.039, 93.318
20, 4.475, 83.657, 55.570
21, 36.336, 53.906, 92.936
22, 48.132, 41.104, 40.114
23, 12.890, 98.859, 63.327
24, 22.224, 22.975, 25.149
25, 70.079, 84.468, 66.614
26, 76.446, 67.985, 11.647
27, 58.220, 97.404, 9.463
28, 35.349, 76.225, 35.489
29, 9.980, 4.759, 8.341
30, 32.919, 16.515, 63.182
31, 95.519, 51.142, 57.747
32, 50.883, 2.065, 90.635
33, 42.486, 69.908, 95.552
34, 9.963, 12.808, 59.881
35, 77.645, 10.914, 7.669
36, 14.616, 67.290, 56.671
37, 59.307, 20.963, 17.900
38, 24.734, 68.750, 13.540
39, 57.920, 41.633, 16.415
40, 72.811, 12.171, 10.789
41, 28.374, 34.201, 75.500
42, 73.654, 41.594, 3.221
43, 65.866, 61.686, 96.373
44, 16.390, 59.347, 89.226
45, 21.949, 80.394, 80.040
46, 60.079, 91.900, 74.821
47, 86.795, 76.464, 20.690
48, 24.551, 72.529, 76.741
49, 37.155, 57.915, 34.373
