0, 99.820, 42.107, 49.562
1, 60.622, 41.272, 36.801
2, 16.805, 84.551, 38.232
3, 17.020, 13.737, 9.570
4, 98.729, 86.801, 70.868
5, 8.577, 37.160, 49.148
6, 66.006, 12.749, 73.923
7, 29.527, 94.077, 64.506
8, 40.995, 81.341, 34.766
9, 76.559, 12.606, 9.674
10, 57.917, 11.017, 4.408
11, 54.378, 89.225, 32.944
12, 84.314, 79.995, 88.144
13, 24.439, 57.913, 32.818
14, 47.564, 99.995, 52.223
15, 71.900, 48.493, 47.204
16, 54.891, 61.651, 45.834
17, 42.756, 34.488, 59.694
18, 49.684, 36.254, 84.458
19, 84.719, 51.190, 19.538
20, 84.037, 49.931, 59.130
21, 79.287, 72.389, 81.047
22, 2.189, 51.546, 77.028
23, 78.984, 47.628, 96.362
24, 0.780, 67.818, 59.234
