0, 25.050, 31.148, 26.063
1, 66.686, 92.439, 32.107
2, 37.081, 2.822, 67.776
3, 1.355, 51.135, 53.606
4, 48.176, 11.244, 73.963
5, 25.577, 51.670, 17.416
6, 29.214, 5.170, 68.256
7, 44.957, 44.828, 91.236
8, 76.142, 44.882, 56.143
9, 48.595, 79.077, 87.222
10, 71.195, 82.257, 18.744
11, 18.136, 47.015, 78.068
12, 29.366, 87.024, 9.322
13, 99.634, 12.097, 43.114
14, 13.484, 51.646, 99.110
15, 39.234, 99.148, 49.170
16, 82.339, 18.412, 77.782
17, 19.509, 75.029, 74.347
18, 5.111, 93.630, 69.505
19, 58.457, 19.055, 48.711
20, 78.108, 16.063, 11.821
21, 51.547, 67.039, 10.972
22, 98.330, 99.738, 72.001
23, 62.173, 75.343, 6.999
24, 65.735, 35.162, 95.062
25, 82.694, 77.708, 90.206
26, 8.503, 48.717, 71.611
27, 25.258, 79.697, 13.994
28, 62.805, 57.098, 73.202
29, 24.649, 29.170, 50.601
30, 61.001, 29.214, 41.663
31, 36.799, 75.257, 77.461
32, 16.689, 79.982, 12.700
33, 49.559, 39.073, 72.012
34, 62.514, 48.127, 76.127
35, 15.968, 92.379, 41.361
36, 11.896, 4.536, 54.721
37, 55.321, 42.230, 63.137
38, 21.597, 89.411, 56.998
39, 18.476, 18.609, 51.461
40, 63.376, 37.767, 83.774
41, 80.633, 86.948, 86.446
42, 1.881, 45.867, 50.309
43, 94.507, 32.245, 41.369
44, 35.997, 7.794, 48.437
45, 82.349, 76.223, 98.743
46, 8.875, 71.350, 79.042
47, 95.946, 25.384, 20.616
48, 4.690, 59.168, 74.463
49, 52.966, 29.900, 11.015
