0, 1.589, 16.832, 7.345
1, 7.021, 7.705, 40.573
2, 32.383, 1.514, 82.398
3, 85.542, 82.382, 12.961
4, 41.254, 6.827, 67.169
5, 48.038, 61.146, 98.760
6, 46.716, 39.098, 53.173
7, 39.211, 22.050, 17.013
8, 44.647, 30.699, 95.586
9, 30.181, 79.652, 98.151
10, 81.380, 85.991, 35.876
11, 59.518, 88.022, 44.380
12, 0.335, 55.410, 12.923
13, 75.597, 99.149, 10.321
14, 36.929, 67.751, 99.776
15, 30.367, 0.006, 88.286
16, 27.538, 28.507, 70.380
17, 17.052, 22.409, 69.264
18, 79.474, 59.458, 2.559
19, 70.029, 60.196, 17.603
20, 54.498, 98.211, 66.305
21, 80.064, 21.869, 75.088
22, 12.070, 88.866, 52.841
23, 4.930, 61.692, 37.042
24, 20.166, 16.099, 48.595
25, 1.117, 20.555, 75.649
26, 23.868, 73.063, 29.686
27, 51.886, 39.439, 91.733
28, 31.934, 11.081, 15.495
29, 35.997, 48.713, 73.501
30, 46.173, 54.820, 87.751
31, 65.026, 16.890, 83.908
32, 77.894, 0.563, 45.314
33, 96.735, 8.787, 62.264
34, 35.705, 57.050, 32.565
35, 74.648, 16.892, 14.078
36, 13.460, 5.674, 80.599
37, 15.973, 74.055, 48.034
38, 60.553, 73.724, 63.301
39, 27.105, 35.423, 51.958
40, 79.255, 61.346, 59.213
41, 44.556, 37.284, 36.022
42, 63.620, 97.687, 39.740
43, 49.121, 34.761, 72.559
44, 86.683, 34.425, 36.384
45, 47.561, 63.350, 35.488
46, 4.383, 53.545, 37.993
47, 34.402, 47.770, 40.680
48, 77.156, 37.869, 90.861
49, 62.829, 62.860, 98.958
