0, 19.898, 3.783, 16.621
1, 71.046, 75.046, 70.368
2, 13.517, 76.581, 96.940
3, 15.957, 92.441, 42.358
4, 71.217, 96.846, 90.178
5, 88.054, 29.476, 48.688
6, 41.050, 5.446, 37.580
7, 93.276, 80.415, 89.004
8, 85.062, 87.653, 83.114
9, 21.512, 12.543, 19.652
10, 15.267, 58.352, 77.692
11, 1.655, 58.786, 12.303
12, 85.761, 69.898, 1.661
13, 30.808, 14.588, 76.673
14, 83.149, 50.039, 75.577
15, 92.751, 97.771, 49.834
16, 14.993, 27.477, 59.669
17, 76.324, 87.784, 69.075
18, 14.187, 9.544, 6.151
19, 45.683, 86.413, 1.320
20, 67.768, 41.169, 95.568
21, 96.628, 13.505, 23.876
22, 5.623, 43.987, 60.468
23, 90.164, 95.974, 19.099
24, 0.507, 63.413, 26.078
25, 13.232, 35.433, 93.781
26, 23.846, 24.391, 66.492
27, 95.186, 68.739, 25.748
28, 9.473, 77.599, 1.532
29, 13.225, 32.866, 76.904
30, 89.274, 70.770, 90.221
31, 56.736, 46.732, 10.922
32, 97.175, 71.507, 33.368
33, 98.997, 71.442, 72.381
34, 45.358, 17.775, 26.938
35, 21.282, 3.687, 38.997
36, 93.760, 33.498, 12.288
37, 24.162, 28.044, 58.584
38, 71.628, 34.297, 18.611
39, 97.579, 46.009, 23.928
40, 25.242, 34.906, 37.478
41, 77.616, 48.935, 13.190
42, 15.270, 55.112, 75.839
43, 19.525, 78.645, 26.337
44, 80.670, 77.595, 65.549
45, 49.705, 22.472, 92.497
46, 30.675, 93.982, 67.840
47, 46.865, 82.198, 32.541
48, 23.400, 5.104, 84.359
49, 75.914, 73.074, 64.961
