0, 87.741, 61.311, 15.774
1, 16.943, 5.758, 43.261
2, 58.545, 50.982, 51.329
3, 28.801, 63.984, 63.167
4, 22.867, 87.876, 13.249
5, 85.909, 69.263, 51.823
6, 27.758, 16.528, 58.228
7, 10.194, 74.581, 92.952
8, 69.841, 72.375, 38.513
9, 83.683, 73.756, 46.474
10, 79.662, 76.792, 90.832
11, 30.649, 67.310, 33.078
12, 75.665, 41.502, 55.268
13, 52.986, 36.831, 7.319
14, 76.273, 49.000, 28.687
15, 72.037, 96.668, 20.238
16, 14.433, 40.095, 39.704
17, 95.702, 54.124, 43.107
18, 28.892, 21.940, 45.674
19, 8.936, 77.783, 6.336
20, 66.744, 19.076, 77.780
21, 85.371, 46.264, 5.014
22, 46.138, 89.096, 36.964
23, 62.099, 38.348, 82.936
24, 73.737, 89.043, 22.695
25, 81.045, 39.525, 82.104
26, 72.950, 3.351, 80.665
27, 99.495, 4.836, 92.615
28, 58.610, 67.382, 51.517
29, 20.938, 81.337, 64.105
30, 83.398, 46.869, 53.844
31, 16.242, 34.837, 12.329
32, 14.288, 87.102, 53.880
33, 77.659, 9.608, 97.057
34, 69.767, 37.503, 18.609
35, 80.452, 48.222, 85.866
36, 87.407, 25.688, 9.664
37, 38.204, 70.863, 5.080
38, 55.419, 48.104, 71.283
39, 21.925, 47.444, 42.821
40, 12.797, 74.298, 91.711
41, 68.549, 8.474, 95.164
42, 25.888, 0.130, 92.076
43, 85.580, 46.453, 25.629
44, 74.514, 42.702, 14.589
45, 34.282, 86.582, 47.653
46, 51.931, 2.651, 60.676
47, 92.467, 56.898, 80.764
48, 42.235, 11.877, 27.884
49, 98.736, 87.317, 26.478
