0, 64.165, 17.339, 8.143
1, 95.782, 96.257, 19.464
2, 42.537, 19.000, 40.417
3, 50.591, 91.483, 94.598
4, 66.946, 33.281, 72.290
5, 31.709, 90.854, 5.672
6, 90.813, 73.894, 1.159
7, 83.381, 74.457, 32.350
8, 28.109, 25.904, 83.419
9, 54.150, 80.625, 98.183
10, 44.138, 75.082, 9.208
11, 29.400, 31.874, 58.308
12, 33.551, 4.921, 72.205
13, 18.631, 14.585, 65.523
14, 66.053, 15.498, 95.174
15, 13.627, 66.804, 91.201
16, 53.134, 51.191, 51.937
17, 13.407, 47.742, 58.471
18, 83.728, 62.326, 86.498
19, 31.429, 5.866, 45.238
20, 6.211, 86.407, 16.029
21, 28.846, 49.065, 13.043
22, 71.233, 74.193, 62.255
23, 54.394, 66.740, 35.669
24, 54.260, 45.109, 86.333
