0, 91.600, 69.516, 11.938
1, 27.631, 20.820, 59.800
2, 71.434, 99.122, 11.220
3, 26.921, 54.624, 20.929
4, 28.996, 3.737, 26.053
5, 29.934, 69.179, 83.825
6, 78.191, 37.666, 96.979
7, 66.690, 92.014, 73.025
8, 90.999, 78.356, 21.311
9, 75.902, 73.348, 52.687
10, 99.869, 45.728, 9.408
11, 81.312, 27.249, 93.309
12, 15.940, 75.272, 6.684
13, 32.527, 21.945, 30.484
14, 87.194, 94.416, 39.259
15, 20.631, 51.538, 20.705
16, 40.222, 35.495, 59.817
17, 29.253, 91.497, 82.738
18, 23.260, 35.823, 22.453
19, 6.972, 64.287, 21.567
20, 90.579, 64.046, 3.515
21, 21.223, 64.278, 34.623
22, 99.453, 43.697, 65.424
23, 5.076, 40.303, 21.271
24, 52.584, 60.688, 58.717
