0, 54.821, 59.270, 1.049
1, 51.935, 45.690, 10.729
2, 5.829, 73.007, 89.058
3, 90.211, 74.656, 34.715
4, 85.635, 6.567, 45.931
5, 35.576, 38.029, 15.240
6, 7.027, 55.194, 84.507
7, 37.693, 91.767, 79.781
8, 80.716, 58.795, 19.450
9, 43.163, 78.948, 67.709
10, 2.400, 80.624, 32.458
11, 63.459, 68.961, 98.225
12, 8.503, 60.428, 65.363
13, 57.964, 5.046, 32.878
14, 70.983, 39.939, 37.084
15, 65.358, 20.159, 20.836
16, 12.074, 20.839, 29.546
17, 3.699, 43.795, 37.759
18, 97.100, 78.897, 60.931
19, 80.760, 37.484, 14.245
20, 81.676, 55.662, 86.707
21, 51.287, 44.865, 55.301
22, 22.442, 57.739, 35.435
23, 79.602, 78.003, 95.164
24, 84.137, 65.066, 12.002
