0, 47.159, 73.780, 92.652
1, 26.562, 31.402, 57.020
2, 40.178, 39.565, 94.249
3, 43.318, 60.877, 52.629
4, 5.137, 6.158, 55.580
5, 27.269, 76.178, 71.517
6, 90.199, 66.686, 96.387
7, 69.870, 22.322, 15.884
8, 52.829, 34.344, 53.531
9, 52.655, 71.173, 87.653
10, 68.409, 10.501, 69.709
11, 62.884, 96.033, 27.882
12, 81.294, 85.787, 69.360
13, 0.276, 88.274, 74.850
14, 53.960, 18.432, 84.923
15, 16.986, 51.096, 59.265
16, 6.488, 27.573, 54.543
17, 24.055, 52.133, 48.402
18, 99.657, 56.744, 63.880
19, 28.097, 63.911, 46.752
20, 56.002, 16.697, 29.161
21, 60.450, 96.802, 43.339
22, 93.722, 66.340, 94.423
23, 58.766, 18.504, 14.884
24, 86.177, 43.976, 22.490
