0, 1.982, 2.744, 24.255
1, 10.226, 41.439, 92.953
2, 64.339, 50.167, 1.840
3, 4.861, 57.872, 39.959
4, 47.172, 15.105, 67.731
5, 71.031, 96.061, 10.832
6, 69.845, 21.814, 94.143
7, 37.242, 39.589, 17.814
8, 9.260, 0.646, 21.933
9, 29.525, 24.969, 63.808
10, 80.776, 59.710, 81.338
11, 65.727, 73.002, 45.952
12, 77.053, 49.333, 46.073
13, 72.652, 26.320, 9.841
14, 67.614, 62.614, 67.813
15, 43.796, 33.679, 5.570
16, 45.020, 93.236, 33.597
17, 35.043, 55.140, 78.464
18, 57.471, 86.148, 59.041
19, 19.260, 15.195, 64.263
20, 32.909, 50.146, 45.723
21, 34.647, 34.752, 43.034
22, 41.474, 54.519, 8.927
23, 42.351, 32.319, 32.240
24, 99.277, 28.085, 17.977
25, 51.833, 85.448, 59.614
26, 18.425, 34.966, 25.060
27, 14.958, 60.693, 39.885
28, 76.840, 54.144, 45.135
29, 55.294, 58.228, 18.524
30, 75.418, 10.350, 37.983
31, 51.593, 24.370, 98.992
32, 71.660, 21.904, 61.437
33, 87.684, 33.550, 11.276
34, 65.549, 54.277, 96.737
35, 86.427, 17.560, 19.823
36, 85.650, 43.110, 54.560
37, 82.053, 44.237, 46.493
38, 98.831, 99.660, 52.043
39, 52.401, 86.694, 48.343
40, 31.302, 90.170, 32.642
41, 93.986, 13.744, 78.253
42, 18.299, 32.931, 17.867
43, 15.354, 76.891, 16.032
44, 35.069, 45.754, 80.765
45, 45.044, 11.091, 76.023
46, 30.617, 85.766, 80.121
47, 76.946, 86.060, 27.606
48, 6.374, 75.214, 1.067
49, 48.073, 74.711, 32.044
