0, 86.185, 62.377, 50.983
1, 19.202, 53.217, 78.040
2, 90.584, 38.599, 48.779
3, 59.490, 41.618, 91.740
4, 46.256, 69.030, 5.362
5, 74.460, 92.582, 26.193
6, 44.430, 69.798, 87.574
7, 96.968, 45.614, 35.554
8, 45.680, 28.319, 38.979
9, 6.803, 19.226, 10.161
10, 15.686, 83.409, 84.565
11, 35.341, 14.904, 59.264
12, 92.827, 83.206, 43.655
13, 15.556, 11.297, 22.482
14, 36.069, 98.489, 3.878
15, 6.826, 31.119, 53.681
16, 38.288, 79.675, 60.494
17, 28.553, 69.988, 51.707
18, 74.354, 77.921, 91.039
19, 12.917, 63.108, 83.601
20, 69.739, 83.423, 23.614
21, 74.966, 20.477, 54.680
22, 39.663, 85.769, 50.326
23, 13.468, 84.751, 88.530
24, 98.991, 50.706, 6.752
