0, 77.158, 0.236, 29.128
1, 55.679, 49.649, 38.373
2, 88.779, 4.931, 20.903
3, 63.185, 6.849, 17.049
4, 25.762, 29.607, 5.157
5, 38.650, 44.038, 36.975
6, 39.379, 92.044, 32.696
7, 10.027, 50.377, 4.277
8, 21.712, 53.964, 4.005
9, 26.643, 70.389, 21.798
10, 86.730, 10.917, 72.922
11, 9.391, 28.944, 43.910
12, 20.572, 10.030, 18.147
13, 7.590, 7.402, 46.477
14, 84.043, 39.865, 79.730
15, 95.514, 57.327, 65.816
16, 91.625, 16.539, 79.830
17, 36.903, 96.915, 34.777
18, 90.649, 9.539, 11.007
19, 43.890, 59.749, 7.562
20, 62.029, 74.304, 5.487
21, 0.499, 92.676, 59.507
22, 93.604, 9.022, 38.080
23, 27.385, 85.489, 46.298
24, 92.315, 51.372, 68.151
25, 51.040, 73.623, 54.741
26, 44.873, 30.893, 2.838
27, 83.092, 81.372, 97.553
28, 80.616, 67.636, 62.914
29, 98.894, 93.712, 12.486
30, 0.499, 75.041, 56.027
31, 12.699, 72.600, 64.077
32, 84.278, 66.611, 69.682
33, 96.271, 20.489, 32.216
34, 0.734, 0.555, 66.844
35, 91.145, 70.444, 4.774
36, 14.366, 82.967, 74.749
37, 65.287, 76.834, 88.963
38, 7.358, 28.552, 74.837
39, 92.587, 18.823, 6.453
40, 77.233, 37.905, 53.408
41, 74.429, 21.171, 76.832
42, 88.778, 2.979, 78.291
43, 12.499, 46.745, 90.181
44, 80.364, 12.694, 22.115
45, 6.637, 30.047, 1.222
46, 22.732, 24.960, 83.909
47, 68.803, 11.213, 18.086
48, 53.111, 88.821, 54.999
49, 38.613, 67.171, 59.014
