0, 57.825, 38.654, 53.764
1, 78.244, 56.208, 78.141
2, 28.317, 41.842, 83.984
3, 79.413, 71.166, 98.969
4, 25.006, 75.767, 37.076
5, 21.405, 28.266, 16.316
6, 23.123, 97.407, 23.151
7, 51.811, 10.351, 14.399
8, 80.105, 86.229, 87.550
9, 7.588, 57.246, 10.758
10, 5.554, 32.348, 79.530
11, 16.430, 32.409, 87.441
12, 92.596, 81.274, 93.953
13, 47.698, 83.285, 92.448
14, 32.408, 85.120, 66.500
15, 44.392, 79.512, 46.965
16, 64.409, 5.333, 80.707
17, 41.646, 95.531, 98.973
18, 18.916, 89.895, 34.822
19, 79.069, 85.650, 76.911
20, 55.763, 13.661, 3.260
21, 3.570, 48.977, 52.437
22, 0.588, 23.180, 73.606
23, 16.275, 18.469, 44.745
24, 45.643, 53.240, 43.646
