0, 83.117, 91.855, 28.324
1, 51.252, 74.981, 85.227
2, 78.474, 52.887, 31.752
3, 6.949, 72.201, 26.030
4, 58.975, 19.694, 66.570
5, 92.647, 78.248, 57.905
6, 93.810, 49.146, 7.097
7, 95.709, 19.296, 52.599
8, 89.223, 71.273, 65.858
9, 70.071, 34.492, 49.222
10, 39.791, 83.517, 43.349
11, 66.641, 92.218, 57.765
12, 33.786, 5.455, 44.123
13, 69.242, 42.303, 66.076
14, 84.952, 40.629, 53.326
15, 89.891, 56.285, 52.553
16, 16.511, 18.407, 79.855
17, 24.812, 42.527, 99.033
18, 94.337, 10.184, 54.830
19, 7.886, 4.940, 78.956
20, 3.865, 39.150, 37.285
21, 29.062, 12.824, 68.902
22, 48.357, 12.234, 25.418
23, 3.226, 15.836, 70.753
24, 3.548, 35.224, 47.658
