0, 5.247, 46.026, 48.971
1, 34.614, 94.536, 59.556
2, 92.615, 24.256, 66.390
3, 42.438, 31.007, 69.898
4, 8.347, 51.285, 54.520
5, 34.868, 39.487, 31.575
6, 37.111, 21.841, 90.142
7, 17.766, 73.551, 90.215
8, 10.774, 51.807, 50.177
9, 25.139, 4.469, 65.397
10, 43.593, 94.595, 31.972
11, 14.203, 29.807, 23.972
12, 38.709, 42.424, 83.082
13, 82.330, 2.762, 69.088
14, 48.958, 74.817, 4.286
15, 98.515, 5.800, 13.383
16, 99.016, 53.200, 5.137
17, 85.343, 50.213, 37.964
18, 31.238, 79.263, 80.207
19, 4.753, 25.078, 17.369
20, 92.891, 13.504, 84.238
21, 28.777, 11.741, 9.775
22, 47.644, 54.302, 22.556
23, 40.377, 6.140, 74.854
24, 73.055, 73.135, 97.311
25, 37.794, 73.719, 53.419
26, 92.051, 18.126, 19.835
27, 19.927, 29.890, 65.338
28, 47.889, 76.330, 66.624
29, 92.337, 71.033, 94.198
30, 37.039, 22.608, 27.548
31, 13.724, 16.988, 50.272
32, 1.817, 99.520, 27.973
33, 73.843, 79.705, 96.912
34, 81.067, 56.442, 93.033
35, 21.915, 43.595, 44.704
36, 70.949, 52.421, 37.533
37, 66.545, 25.814, 47.029
38, 63.566, 4.824, 53.120
39, 48.924, 80.317, 31.368
40, 9.107, 17.790, 88.566
41, 9.701, 62.346, 67.345
42, 94.136, 73.832, 65.619
43, 57.023, 73.665, 72.034
44, 58.400, 38.280, 84.161
45, 82.584, 44.850, 98.708
46, 53.006, 92.232, 26.096
47, 45.143, 7.149, 76.936
48, 42.068, 48.399, 59.857
49, 74.101, 65.438, 14.088
