0, 43.683, 75.588, 98.922
1, 84.213, 89.297, 80.774
2, 65.844, 28.566, 8.103
3, 29.377, 80.403, 35.382
4, 13.441, 18.654, 8.263
5, 31.208, 30.259, 45.816
6, 53.559, 87.877, 5.836
7, 64.488, 24.975, 59.778
8, 15.971, 60.566, 36.225
9, 52.271, 62.286, 2.760
10, 45.760, 53.819, 14.905
11, 89.335, 23.090, 39.739
12, 61.556, 51.230, 99.494
13, 58.151, 46.434, 98.727
14, 32.985, 18.527, 69.340
15, 33.646, 27.597, 10.035
16, 41.631, 76.576, 64.726
17, 39.597, 15.363, 27.937
18, 94.239, 12.866, 12.892
19, 76.898, 87.119, 85.552
20, 78.085, 26.502, 45.535
21, 69.620, 55.512, 28.411
22, 0.882, 84.268, 76.379
23, 75.832, 48.345, 32.577
24, 35.683, 92.306, 84.014
