0, 21.214, 53.739, 95.864
1, 46.207, 92.097, 61.182
2, 83.096, 34.070, 18.155
3, 94.638, 23.089, 60.583
4, 10.081, 51.613, 19.356
5, 15.064, 39.775, 3.497
6, 16.282, 78.439, 25.337
7, 88.098, 63.953, 28.461
8, 74.221, 19.084, 58.292
9, 14.656, 44.507, 17.477
10, 53.828, 32.470, 90.404
11, 82.479, 46.407, 25.719
12, 64.035, 44.425, 49.045
13, 54.579, 81.079, 12.615
14, 33.411, 89.117, 50.169
15, 8.159, 37.820, 33.876
16, 45.386, 90.770, 20.864
17, 33.500, 66.228, 52.131
18, 63.446, 84.655, 11.981
19, 22.886, 32.987, 76.006
20, 0.848, 0.822, 57.976
21, 52.617, 62.213, 83.446
22, 66.534, 15.266, 34.080
23, 40.054, 85.338, 74.248
24, 78.450, 33.948, 63.453
25, 27.863, 85.006, 49.984
26, 77.411, 87.414, 29.003
27, 49.437, 54.157, 82.494
28, 82.708, 73.703, 89.935
29, 41.880, 26.467, 45.547
30, 2.275, 93.907, 65.773
31, 74.952, 19.077, 77.253
32, 91.733, 82.356, 24.781
33, 25.400, 91.594, 73.589
34, 77.781, 96.399, 19.855
35, 3.721, 36.879, 53.429
36, 37.753, 3.431, 6.174
37, 86.554, 32.992, 74.839
38, 0.529, 86.900, 3.458
39, 69.758, 27.347, 10.569
40, 39.214, 87.593, 90.731
41, 95.164, 45.593, 14.627
42, 64.622, 80.730, 27.680
43, 37.507, 37.947, 86.403
44, 47.845, 34.315, 81.216
45, 43.625, 47.725, 4.345
46, 35.248, 59.946, 14.327
47, 40.594, 2.973, 55.633
48, 59.037, 85.448, 91.394
49, 41.219, 32.434, 14.232
