0, 63.022, 3.405, 8.092
1, 89.738, 18.682, 22.863
2, 61.984, 66.934, 38.909
3, 33.017, 15.525, 12.925
4, 66.503, 31.633, 5.245
5, 72.589, 15.397, 87.787
6, 40.021, 78.620, 9.839
7, 72.990, 63.447, 1.486
8, 52.974, 95.623, 64.625
9, 33.311, 7.529, 3.126
10, 1.778, 90.426, 43.422
11, 28.218, 49.343, 50.035
12, 6.061, 17.129, 44.914
13, 52.049, 48.514, 78.540
14, 37.497, 30.815, 60.681
15, 33.213, 67.878, 34.051
16, 34.565, 30.841, 98.776
17, 89.545, 4.552, 98.679
18, 90.508, 66.376, 31.788
19, 99.817, 30.914, 93.035
20, 52.529, 4.242, 85.229
21, 3.599, 89.894, 95.680
22, 98.561, 22.470, 50.109
23, 28.273, 21.327, 19.444
24, 8.149, 96.733, 51.153
