0, 88.235, 49.601, 85.585
1, 38.053, 59.733, 62.044
2, 9.216, 32.208, 88.925
3, 82.802, 50.067, 9.178
4, 71.663, 63.282, 21.099
5, 89.551, 6.863, 25.378
6, 98.593, 70.018, 25.809
7, 14.202, 92.533, 32.847
8, 62.229, 6.471, 5.111
9, 22.096, 9.791, 46.852
10, 36.590, 18.262, 21.024
11, 6.397, 32.125, 57.991
12, 82.200, 78.110, 31.572
13, 39.456, 55.461, 10.697
14, 7.901, 66.538, 84.612
15, 2.182, 18.674, 26.690
16, 81.182, 38.864, 42.082
17, 10.240, 40.851, 43.449
18, 32.339, 72.548, 48.849
19, 13.570, 92.325, 31.788
20, 27.942, 85.216, 77.359
21, 1.384, 15.291, 14.773
22, 59.264, 2.803, 72.256
23, 31.277, 87.567, 26.176
24, 13.040, 57.138, 73.928
25, 3.755, 20.647, 3.480
26, 27.248, 55.931, 45.331
27, 47.494, 88.574, 70.169
28, 79.193, 10.253, 53.472
29, 85.701, 13.752, 1.241
30, 74.602, 89.905, 42.687
31, 18.497, 53.574, 9.055
32, 14.523, 14.731, 87.237
33, 78.146, 55.914, 15.970
34, 28.156, 76.346, 63.482
35, 90.853, 0.652, 90.627
36, 42.134, 62.696, 44.023
37, 51.147, 30.842, 51.207
38, 79.290, 76.857, 18.957
39, 1.405, 84.970, 43.620
40, 93.716, 8.703, 98.118
41, 91.883, 92.940, 18.973
42, 28.016, 67.548, 94.307
43, 13.670, 51.118, 61.110
44, 66.356, 31.776, 16.416
45, 42.778, 95.834, 93.058
46, 16.409, 12.749, 13.420
47, 94.121, 58.489, 62.305
48, 48.283, 40.614, 62.270
49, 67.612, 84.752, 18.490
