0, 61.976, 72.287, 43.192
1, 70.993, 32.413, 93.606
2, 58.980, 66.392, 50.690
3, 54.671, 62.068, 75.527
4, 58.587, 45.261, 20.420
5, 56.572, 14.147, 44.766
6, 23.145, 19.779, 38.390
7, 70.585, 55.056, 53.986
8, 58.766, 5.513, 66.640
9, 5.262, 30.786, 92.402
10, 48.173, 40.329, 84.384
11, 6.655, 41.527, 41.806
12, 75.039, 8.728, 3.850
13, 40.808, 46.062, 27.462
14, 90.303, 18.342, 92.162
15, 22.240, 70.592, 84.730
16, 52.444, 89.798, 36.522
17, 38.466, 2.464, 25.293
18, 6.331, 38.645, 15.189
19, 27.106, 79.276, 9.647
20, 6.494, 71.417, 31.362
21, 25.104, 36.048, 5.202
22, 91.305, 93.920, 72.209
23, 74.245, 48.245, 45.397
24, 84.699, 25.478, 3.824
