0, 49.236, 51.950, 49.302
1, 17.656, 24.334, 26.709
2, 19.008, 88.374, 85.224
3, 16.518, 89.119, 15.510
4, 2.952, 46.679, 87.466
5, 36.262, 86.758, 31.518
6, 62.605, 64.271, 83.152
7, 21.997, 91.612, 50.438
8, 51.865, 84.617, 24.205
9, 98.095, 56.125, 99.360
10, 38.859, 54.517, 79.454
11, 68.503, 1.173, 38.602
12, 35.769, 20.802, 87.498
13, 9.422, 47.791, 54.284
14, 61.356, 83.559, 80.249
15, 62.297, 82.235, 63.913
16, 92.237, 74.397, 69.216
17, 67.807, 79.434, 17.008
18, 96.834, 72.078, 94.332
19, 90.304, 55.398, 99.535
20, 14.497, 42.692, 93.315
21, 7.176, 37.119, 35.618
22, 59.067, 12.397, 90.827
23, 53.529, 46.720, 85.780
24, 24.502, 82.957, 10.854
