0, 90.832, 60.160, 85.580
1, 4.668, 36.070, 43.885
2, 3.874, 90.080, 43.025
3, 24.717, 55.521, 63.202
4, 54.690, 52.927, 67.440
5, 62.137, 16.119, 72.967
6, 50.043, 55.682, 47.775
7, 83.748, 35.537, 71.799
8, 21.578, 80.350, 65.335
9, 72.186, 3.025, 35.940
10, 5.140, 33.198, 75.502
11, 10.058, 67.581, 41.608
12, 60.842, 95.722, 83.718
13, 97.719, 23.738, 22.486
14, 95.569, 55.926, 79.686
15, 78.888, 82.837, 10.454
16, 17.214, 66.289, 50.927
17, 26.530, 10.634, 6.925
18, 42.435, 27.524, 87.045
19, 82.061, 96.415, 49.743
20, 37.722, 87.996, 66.546
21, 76.540, 90.463, 21.257
22, 67.337, 12.171, 25.049
23, 22.793, 94.541, 33.438
24, 94.857, 78.257, 72.947
25, 99.978, 18.428, 31.253
26, 57.459, 37.186, 5.026
27, 73.550, 53.263, 30.840
28, 10.904, 49.695, 46.284
29, 21.544, 42.819, 19.723
30, 99.330, 7.356, 53.106
31, 55.358, 3.070, 83.879
32, 86.963, 33.379, 31.554
33, 39.808, 20.166, 33.340
34, 35.217, 59.239, 79.426
35, 98.133, 17.987, 20.747
36, 84.217, 88.098, 98.717
37, 77.138, 72.502, 60.531
38, 47.041, 25.100, 52.797
39, 37.603, 11.677, 10.926
40, 82.364, 77.503, 60.555
41, 4.646, 74.133, 77.766
42, 69.908, 49.854, 77.329
43, 55.260, 20.381, 4.833
44, 39.418, 19.502, 38.623
45, 68.313, 85.771, 61.972
46, 4.895, 36.025, 56.765
47, 8.345, 19.691, 58.952
48, 4.333, 63.823, 23.567
49, 34.748, 70.627, 12.067
