0, 31.164, 13.383, 38.355
1, 47.841, 18.993, 29.670
2, 66.537, 83.207, 73.074
3, 99.754, 10.152, 54.682
4, 50.524, 10.538, 36.652
5, 92.677, 89.226, 23.851
6, 19.553, 38.444, 7.463
7, 51.753, 10.068, 41.767
8, 24.069, 45.146, 2.656
9, 79.794, 56.739, 11.753
10, 40.579, 88.074, 85.980
11, 41.674, 37.845, 79.361
12, 18.843, 34.599, 54.906
13, 95.886, 11.300, 18.146
14, 77.574, 50.403, 63.407
15, 38.718, 42.434, 55.558
16, 51.367, 35.893, 51.193
17, 87.298, 64.582, 58.226
18, 90.619, 75.602, 4.121
19, 54.999, 27.427, 30.383
20, 65.094, 44.710, 2.633
21, 8.120, 8.967, 2.659
22, 68.984, 43.049, 98.862
23, 8.601, 66.319, 9.026
24, 70.723, 53.352, 75.548
25, 33.154, 90.166, 89.727
26, 22.251, 40.823, 26.374
27, 99.575, 60.990, 78.123
28, 70.226, 13.166, 29.601
29, 0.490, 97.501, 13.579
30, 72.788, 38.598, 89.510
31, 39.924, 94.362, 95.748
32, 49.206, 83.635, 32.851
33, 18.690, 74.704, 47.536
34, 86.599, 75.937, 69.859
35, 49.326, 23.717, 57.764
36, 89.321, 88.734, 49.713
37, 22.041, 26.095, 12.570
38, 39.386, 17.046, 56.461
39, 75.126, 3.413, 5.898
40, 88.130, 17.633, 27.777
41, 40.083, 38.878, 33.351
42, 24.754, 64.155, 95.701
43, 95.823, 2.167, 16.526
44, 2.531, 42.321, 75.243
45, 56.146, 64.591, 54.131
46, 93.015, 95.555, 45.239
47, 14.883, 41.977, 8.487
48, 62.118, 88.382, 83.218
49, 75.687, 29.452, 57.176
