0, 75.989, 72.983, 78.800
1, 20.771, 8.029, 1.038
2, 97.374, 16.731, 10.928
3, 90.022, 56.585, 63.118
4, 85.213, 93.636, 26.036
5, 46.462, 97.176, 58.342
6, 82.849, 57.952, 38.802
7, 41.052, 35.965, 46.560
8, 80.622, 27.915, 71.511
9, 71.249, 13.173, 28.949
10, 72.453, 29.152, 39.899
11, 96.098, 58.017, 3.457
12, 72.772, 66.742, 4.662
13, 70.795, 48.392, 46.166
14, 89.035, 19.229, 24.925
15, 53.404, 0.318, 72.841
16, 53.645, 98.080, 74.380
17, 95.056, 38.738, 99.657
18, 0.048, 40.974, 5.745
19, 87.612, 95.952, 30.338
20, 40.042, 35.130, 86.770
21, 14.608, 91.647, 68.192
22, 39.540, 8.735, 54.638
23, 72.170, 46.461, 74.636
24, 11.161, 29.318, 92.672
25, 60.439, 59.228, 36.707
26, 46.018, 48.653, 93.285
27, 0.587, 3.250, 71.209
28, 38.720, 88.188, 62.537
29, 96.391, 78.456, 42.481
30, 88.794, 37.283, 64.649
31, 59.438, 33.334, 52.772
32, 38.685, 56.088, 85.392
33, 41.113, 62.400, 72.386
34, 80.797, 80.768, 22.265
35, 33.658, 3.842, 31.350
36, 59.613, 51.950, 17.831
37, 26.715, 45.488, 90.137
38, 91.247, 48.875, 1.001
39, 54.158, 91.556, 82.245
40, 57.824, 43.030, 74.909
41, 27.254, 46.918, 51.767
42, 82.134, 97.695, 8.344
43, 49.378, 94.705, 54.670
44, 70.679, 1.286, 84.439
45, 22.085, 12.325, 77.359
46, 94.399, 11.061, 10.433
47, 22.723, 55.360, 21.095
48, 27.905, 9.716, 11.333
49, 88.304, 55.933, 50.669
