0, 13.779, 65.335, 48.808
1, 77.292, 20.319, 56.657
2, 22.270, 56.465, 92.466
3, 31.798, 4.667, 25.268
4, 42.264, 11.502, 27.875
5, 34.388, 18.272, 28.695
6, 8.383, 48.739, 73.365
7, 79.973, 62.663, 49.269
8, 64.899, 35.240, 77.252
9, 53.820, 37.968, 2.459
10, 95.600, 87.478, 22.091
11, 93.187, 28.721, 20.597
12, 13.995, 80.539, 67.753
13, 67.733, 26.866, 91.034
14, 31.522, 27.285, 4.669
15, 29.501, 98.128, 68.482
16, 25.633, 88.015, 9.305
17, 79.492, 1.751, 80.009
18, 64.034, 82.519, 13.798
19, 26.612, 11.208, 64.364
20, 21.434, 73.411, 24.849
21, 38.500, 58.836, 43.472
22, 38.261, 87.795, 6.944
23, 16.795, 79.343, 41.400
24, 46.255, 73.874, 49.614
25, 31.995, 80.921, 91.124
26, 32.004, 9.076, 31.925
27, 13.059, 98.775, 92.021
28, 74.405, 89.412, 75.594
29, 0.436, 56.556, 33.073
30, 79.123, 62.768, 61.661
31, 58.269, 56.877, 31.803
32, 10.238, 8.107, 36.650
33, 38.608, 65.018, 5.860
34, 47.946, 41.580, 15.570
35, 10.086, 18.316, 60.486
36, 56.017, 8.987, 83.134
37, 43.852, 97.261, 20.638
38, 68.936, 45.137, 36.047
39, 26.985, 65.134, 42.363
40, 36.867, 53.530, 76.340
41, 24.754, 6.837, 10.353
42, 84.118, 70.120, 99.929
43, 44.371, 3.629, 78.384
44, 30.212, 36.970, 22.001
45, 32.934, 14.843, 5.366
46, 92.223, 10.398, 71.987
47, 29.089, 63.412, 71.902
48, 67.646, 47.226, 84.568
49, 56.179, 46.168, 3.769
