0, 18.534, 11.245, 29.143
1, 65.412, 16.803, 98.944
2, 9.520, 28.543, 66.800
3, 23.791, 23.991, 28.790
4, 2.393, 38.491, 26.191
5, 75.412, 16.634, 46.597
6, 85.213, 67.096, 36.005
7, 49.980, 78.878, 49.108
8, 29.166, 44.373, 56.646
9, 58.431, 28.682, 33.861
10, 83.370, 34.082, 11.768
11, 59.200, 3.199, 70.417
12, 76.356, 69.179, 33.466
13, 83.614, 65.120, 68.810
14, 56.721, 76.850, 83.626
15, 90.753, 14.760, 63.823
16, 56.461, 34.873, 45.910
17, 24.417, 1.393, 11.430
18, 68.563, 34.495, 40.097
19, 74.260, 56.743, 23.623
20, 23.972, 53.606, 86.119
21, 16.439, 65.339, 64.077
22, 78.068, 87.649, 62.879
23, 53.357, 99.161, 10.557
24, 82.731, 34.357, 61.864
