0, 7.869, 77.765, 46.331
1, 18.700, 47.354, 17.832
2, 3.715, 33.782, 39.789
3, 58.051, 4.493, 23.380
4, 11.445, 46.889, 87.359
5, 4.205, 53.652, 96.910
6, 87.705, 74.092, 41.092
7, 94.595, 49.432, 3.374
8, 32.262, 2.390, 78.895
9, 42.500, 43.302, 46.009
10, 69.808, 61.384, 63.588
11, 78.308, 48.229, 67.826
12, 79.914, 95.695, 46.471
13, 44.550, 78.312, 91.632
14, 50.294, 25.635, 42.211
15, 4.649, 89.003, 30.229
16, 9.806, 74.265, 99.898
17, 57.565, 67.307, 37.373
18, 49.647, 10.914, 59.909
19, 22.476, 14.030, 60.297
20, 89.506, 1.220, 83.224
21, 95.816, 90.542, 99.802
22, 94.956, 53.676, 78.394
23, 36.912, 14.416, 22.196
24, 30.139, 14.245, 48.507
25, 20.482, 41.547, 28.846
26, 97.469, 46.089, 60.659
27, 39.597, 35.759, 95.398
28, 8.457, 2.831, 11.229
29, 2.434, 81.271, 19.246
30, 85.360, 18.355, 88.696
31, 25.978, 57.924, 89.248
32, 6.534, 71.647, 29.798
33, 62.600, 23.144, 78.833
34, 27.907, 71.124, 67.716
35, 41.454, 20.807, 40.497
36, 86.059, 19.136, 42.273
37, 25.110, 9.874, 53.747
38, 61.793, 39.923, 81.965
39, 87.784, 53.123, 1.687
40, 22.527, 55.522, 90.594
41, 51.495, 70.356, 3.800
42, 50.632, 94.749, 63.311
43, 26.794, 95.435, 82.109
44, 80.258, 34.600, 40.331
45, 13.724, 40.870, 68.781
46, 88.636, 14.149, 46.098
47, 13.585, 49.273, 83.576
48, 73.826, 67.973, 86.458
49, 25.308, 83.506, 10.897
