0, 0.472, 48.929, 67.085
1, 47.141, 75.615, 69.522
2, 50.529, 46.836, 69.769
3, 20.868, 19.841, 81.795
4, 95.580, 48.368, 48.862
5, 43.362, 96.923, 45.132
6, 72.060, 80.206, 1.776
7, 22.299, 6.950, 61.478
8, 47.629, 79.968, 21.547
9, 1.990, 24.646, 60.933
10, 9.528, 5.997, 66.086
11, 60.543, 46.371, 12.861
12, 95.191, 46.458, 41.708
13, 79.718, 34.860, 8.779
14, 25.983, 96.154, 44.090
15, 96.632, 47.998, 25.942
16, 54.464, 89.595, 63.070
17, 96.918, 80.234, 61.046
18, 30.317, 76.033, 90.957
19, 89.785, 6.241, 94.440
20, 71.734, 77.550, 76.989
21, 69.590, 8.805, 55.403
22, 45.337, 43.180, 15.026
23, 92.699, 85.899, 85.201
24, 57.714, 91.284, 90.255
25, 71.293, 11.152, 42.849
26, 43.993, 98.080, 74.203
27, 0.016, 76.958, 55.026
28, 36.035, 94.893, 83.311
29, 15.250, 5.706, 45.070
30, 75.157, 93.920, 19.737
31, 97.873, 63.965, 46.513
32, 44.367, 39.146, 61.075
33, 2.863, 9.533, 44.064
34, 38.139, 10.461, 54.560
35, 94.950, 52.572, 81.425
36, 73.742, 17.674, 25.255
37, 56.289, 62.651, 92.072
38, 25.829, 99.510, 72.025
39, 71.251, 11.150, 32.752
40, 75.977, 93.362, 22.165
41, 85.741, 53.667, 52.752
42, 21.038, 51.318, 63.473
43, 19.257, 14.857, 47.674
44, 40.383, 17.028, 80.306
45, 28.789, 93.215, 88.766
46, 62.255, 19.155, 58.646
47, 12.160, 89.684, 77.549
48, 66.895, 84.260, 38.927
49, 45.810, 82.798, 25.874
