0, 54.737, 30.703, 43.586
1, 16.376, 1.200, 7.400
2, 89.922, 23.987, 55.264
3, 12.184, 40.135, 50.348
4, 94.219, 1.052, 49.993
5, 41.209, 24.833, 87.631
6, 19.563, 89.287, 20.537
7, 61.452, 64.287, 32.522
8, 15.984, 2.264, 12.491
9, 6.669, 15.355, 31.891
10, 44.278, 30.330, 9.838
11, 43.802, 19.316, 31.101
12, 47.745, 57.559, 82.979
13, 65.560, 47.860, 3.842
14, 15.231, 91.239, 63.397
15, 10.987, 58.153, 25.041
16, 79.830, 98.466, 58.517
17, 32.056, 68.876, 9.592
18, 91.145, 55.640, 14.675
19, 81.916, 2.829, 72.071
20, 64.202, 52.385, 62.532
21, 55.259, 24.539, 20.122
22, 29.505, 56.604, 80.969
23, 73.191, 97.251, 14.919
24, 2.997, 17.040, 56.933
25, 90.362, 9.752, 83.460
26, 73.455, 89.472, 76.965
27, 63.183, 71.597, 21.376
28, 6.130, 74.540, 65.325
29, 96.207, 24.387, 10.945
30, 29.132, 27.592, 84.060
31, 9.996, 51.459, 20.727
32, 7.879, 38.003, 44.694
33, 93.338, 99.632, 29.074
34, 56.265, 73.888, 67.231
35, 70.923, 82.325, 13.706
36, 63.813, 10.063, 33.937
37, 46.898, 14.576, 6.903
38, 60.633, 5.136, 10.764
39, 99.254, 65.576, 18.044
40, 83.762, 26.924, 63.315
41, 11.201, 51.105, 22.245
42, 18.822, 67.554, 2.807
43, 44.117, 66.244, 11.144
44, 33.171, 61.322, 83.256
45, 85.899, 15.123, 44.426
46, 20.041, 91.291, 89.762
47, 0.320, 43.605, 99.646
48, 66.760, 22.848, 60.492
49, 74.005, 66.726, 35.746
