0, 75.028, 60.817, 69.552
1, 24.134, 14.115, 34.107
2, 47.726, 16.993, 22.568
3, 45.734, 46.217, 90.822
4, 62.481, 84.926, 32.247
5, 2.709, 63.253, 53.026
6, 58.942, 4.454, 52.271
7, 33.871, 9.948, 10.389
8, 56.941, 40.079, 56.801
9, 1.227, 80.322, 52.100
10, 77.492, 7.395, 78.848
11, 41.870, 97.416, 79.866
12, 73.612, 38.491, 16.326
13, 7.383, 49.212, 9.283
14, 98.325, 57.080, 21.264
15, 11.806, 16.959, 87.599
16, 90.967, 97.378, 98.033
17, 3.119, 54.464, 43.131
18, 74.677, 13.718, 54.529
19, 16.259, 3.540, 16.318
20, 8.647, 21.626, 35.285
21, 53.856, 24.847, 82.017
22, 82.773, 60.598, 88.020
23, 16.630, 1.351, 57.509
24, 66.172, 54.402, 46.144
25, 29.092, 13.023, 11.595
26, 33.890, 56.798, 21.813
27, 73.415, 59.291, 77.735
28, 31.477, 69.608, 15.308
29, 55.520, 63.361, 7.274
30, 62.358, 57.568, 80.986
31, 46.781, 59.558, 21.241
32, 40.629, 96.977, 89.094
33, 1.476, 31.867, 72.932
34, 16.826, 24.638, 68.154
35, 33.323, 66.846, 73.252
36, 26.530, 5.172, 49.464
37, 55.437, 8.107, 22.480
38, 30.788, 97.200, 47.892
39, 36.608, 42.178, 56.721
40, 1.267, 62.782, 72.515
41, 2.837, 9.633, 93.886
42, 86.307, 42.551, 18.373
43, 45.268, 7.680, 72.954
44, 12.787, 19.861, 91.949
45, 73.109, 8.718, 54.095
46, 13.143, 39.919, 42.620
47, 62.413, 24.377, 32.780
48, 27.075, 65.503, 37.077
49, 93.827, 40.642, 26.860
