0, 91.964, 12.197, 35.499
1, 65.367, 21.911, 74.790
2, 16.751, 94.089, 26.317
3, 29.692, 78.855, 2.285
4, 15.753, 43.811, 29.061
5, 4.674, 52.340, 82.152
6, 81.112, 97.717, 38.526
7, 53.150, 33.851, 24.654
8, 17.216, 65.605, 34.724
9, 84.048, 11.164, 91.940
10, 14.758, 59.043, 84.105
11, 25.070, 43.578, 25.763
12, 73.030, 78.061, 30.644
13, 88.494, 64.170, 27.776
14, 45.226, 72.784, 52.097
15, 30.329, 86.682, 38.672
16, 84.801, 34.454, 14.204
17, 45.891, 96.117, 75.195
18, 64.314, 87.058, 92.472
19, 55.607, 0.745, 66.049
20, 63.411, 70.995, 60.669
21, 85.982, 2.223, 15.174
22, 21.558, 40.463, 14.025
23, 79.068, 6.905, 73.653
24, 81.804, 6.331, 32.497
25, 0.998, 49.713, 36.418
26, 50.587, 17.074, 14.251
27, 62.501, 5.808, 6.972
28, 58.968, 49.229, 94.348
29, 63.258, 80.155, 56.476
30, 13.560, 85.266, 73.660
31, 43.546, 91.482, 92.403
32, 57.742, 71.819, 88.659
33, 53.828, 37.375, 39.726
34, 30.498, 11.642, 48.466
35, 47.178, 69.967, 8.620
36, 80.029, 94.745, 16.929
37, 9.247, 7.153, 20.331
38, 73.192, 97.956, 42.944
39, 59.837, 84.407, 76.987
40, 58.379, 83.624, 95.968
41, 67.728, 46.630, 18.658
42, 88.300, 54.942, 14.603
43, 42.037, 22.043, 67.167
44, 60.400, 20.879, 12.927
45, 85.628, 65.158, 65.243
46, 26.064, 1.830, 87.409
47, 0.045, 75.978, 44.454
48, 62.509, 59.832, 91.386
49, 59.084, 79.941, 36.162
