0, 84.410, 17.034, 50.814
1, 43.510, 77.588, 82.124
2, 15.370, 36.303, 49.228
3, 55.613, 65.747, 42.897
4, 72.224, 51.202, 32.371
5, 20.997, 47.438, 92.569
6, 53.348, 5.445, 4.746
7, 77.398, 36.491, 39.660
8, 84.632, 37.794, 32.266
9, 25.410, 70.040, 22.731
10, 1.243, 43.878, 22.504
11, 18.714, 71.156, 16.070
12, 85.964, 80.374, 44.340
13, 24.156, 50.111, 19.965
14, 82.148, 90.627, 89.977
15, 76.891, 78.195, 85.172
16, 65.040, 10.595, 11.341
17, 99.718, 34.485, 59.550
18, 66.648, 28.078, 80.172
19, 53.888, 56.786, 59.635
20, 2.875, 61.356, 15.641
21, 23.616, 46.634, 49.924
22, 50.370, 1.185, 4.106
23, 74.079, 12.739, 54.745
24, 12.175, 53.551, 6.538
25, 31.614, 0.613, 48.829
26, 30.716, 96.121, 93.314
27, 17.785, 56.213, 75.677
28, 39.204, 28.430, 93.191
29, 97.567, 51.497, 46.134
30, 64.281, 5.635, 27.416
31, 77.261, 8.668, 6.838
32, 45.622, 11.327, 60.916
33, 7.059, 10.923, 32.083
34, 89.197, 17.351, 32.131
35, 14.525, 20.867, 75.307
36, 76.486, 32.433, 14.504
37, 49.820, 65.451, 29.224
38, 40.600, 48.955, 88.265
39, 57.310, 78.874, 9.502
40, 11.678, 79.098, 54.578
41, 69.784, 74.764, 70.135
42, 13.388, 38.769, 99.645
43, 90.176, 22.653, 12.338
44, 61.319, 3.502, 82.013
45, 17.619, 44.351, 64.461
46, 11.183, 84.944, 40.981
47, 96.613, 53.407, 21.628
48, 84.853, 26.517, 17.826
49, 83.495, 51.107, 40.485
