0, 64.236, 2.013, 76.646
1, 93.248, 99.908, 48.194
2, 92.102, 60.277, 19.670
3, 64.697, 38.934, 92.402
4, 29.772, 50.801, 1.224
5, 28.927, 61.352, 85.634
6, 33.476, 53.472, 99.467
7, 14.154, 88.479, 88.365
8, 87.094, 31.680, 10.079
9, 96.437, 3.080, 68.972
10, 51.300, 27.951, 40.465
11, 11.155, 53.729, 25.748
12, 12.117, 66.640, 9.738
13, 80.463, 10.140, 81.394
14, 37.869, 6.705, 60.046
15, 10.479, 97.126, 52.988
16, 17.368, 87.061, 5.365
17, 57.528, 61.473, 25.552
18, 28.596, 35.536, 41.096
19, 5.007, 73.672, 82.779
20, 17.796, 50.198, 47.689
21, 79.629, 83.648, 43.077
22, 82.255, 6.244, 96.858
23, 94.837, 93.574, 57.091
24, 14.846, 16.243, 67.797
25, 80.760, 21.323, 77.089
26, 90.083, 75.051, 75.428
27, 16.345, 43.556, 64.491
28, 23.801, 27.501, 70.781
29, 25.698, 16.022, 42.738
30, 5.467, 17.672, 21.926
31, 22.819, 97.192, 15.941
32, 32.726, 84.337, 17.971
33, 53.724, 50.103, 16.056
34, 50.470, 99.293, 92.653
35, 52.319, 1.030, 43.276
36, 94.595, 14.346, 59.705
37, 76.332, 50.142, 70.853
38, 64.834, 73.852, 67.143
39, 43.504, 82.628, 76.484
40, 83.569, 86.518, 1.805
41, 63.963, 55.944, 38.813
42, 85.429, 13.425, 60.347
43, 83.768, 58.175, 30.928
44, 19.393, 99.567, 77.762
45, 17.210, 29.651, 71.164
46, 78.636, 92.771, 57.742
47, 51.833, 24.906, 1.151
48, 73.540, 73.091, 63.079
49, 68.970, 19.815, 60.175
