0, 17.327, 53.658, 67.312
1, 33.995, 15.591, 42.895
2, 93.805, 13.487, 8.252
3, 29.735, 78.188, 95.798
4, 10.955, 83.365, 57.807
5, 2.831, 0.691, 98.603
6, 42.636, 22.549, 68.460
7, 90.693, 9.800, 15.788
8, 49.665, 59.784, 26.931
9, 8.878, 52.681, 43.799
10, 58.045, 40.638, 62.339
11, 7.698, 5.355, 17.174
12, 22.210, 62.138, 11.082
13, 65.302, 88.156, 69.281
14, 85.165, 77.980, 78.610
15, 65.645, 47.728, 42.655
16, 46.753, 92.375, 94.764
17, 81.031, 99.950, 28.375
18, 73.745, 98.063, 52.368
19, 36.190, 59.741, 51.645
20, 11.026, 10.017, 37.064
21, 7.176, 78.344, 62.140
22, 31.184, 63.623, 83.683
23, 43.984, 14.290, 84.499
24, 85.413, 95.840, 96.657
25, 72.725, 77.278, 14.094
26, 70.402, 29.540, 78.346
27, 79.318, 69.985, 71.794
28, 43.474, 5.821, 60.828
29, 84.163, 13.535, 24.605
30, 43.268, 87.686, 65.049
31, 2.684, 30.920, 76.929
32, 27.650, 65.536, 4.378
33, 77.564, 80.879, 78.774
34, 94.451, 50.628, 50.685
35, 83.222, 72.885, 92.808
36, 37.655, 28.355, 43.264
37, 92.930, 4.563, 54.123
38, 62.330, 8.812, 27.933
39, 48.243, 74.558, 60.693
40, 93.174, 87.543, 20.695
41, 61.053, 96.231, 55.628
42, 0.971, 72.987, 55.121
43, 18.462, 80.995, 14.465
44, 16.257, 65.839, 19.804
45, 51.021, 27.620, 54.368
46, 67.964, 97.130, 22.448
47, 60.604, 31.332, 7.808
48, 21.616, 76.690, 73.692
49, 35.545, 64.994, 15.189
