0, 49.183, 49.379, 5.956
1, 77.249, 98.572, 75.152
2, 4.046, 10.575, 51.182
3, 37.204, 9.060, 8.269
4, 60.076, 3.489, 76.028
5, 92.426, 9.312, 94.159
6, 77.435, 23.988, 43.243
7, 2.528, 75.446, 97.724
8, 7.581, 93.051, 81.486
9, 82.306, 12.730, 79.187
10, 15.913, 61.734, 14.392
11, 49.186, 45.242, 5.757
12, 5.192, 30.681, 48.196
13, 91.293, 51.163, 17.010
14, 58.894, 63.611, 14.173
15, 32.257, 32.925, 21.972
16, 19.586, 91.286, 58.296
17, 10.661, 66.489, 33.843
18, 9.424, 75.947, 42.635
19, 53.912, 29.741, 98.055
20, 60.963, 59.054, 69.037
21, 34.463, 23.868, 3.390
22, 91.849, 53.595, 90.084
23, 82.303, 15.788, 21.182
24, 79.644, 88.660, 55.792
