0, 21.908, 91.318, 48.962
1, 49.965, 94.521, 13.717
2, 68.309, 26.403, 76.293
3, 76.958, 79.016, 2.066
4, 39.743, 21.401, 71.240
5, 64.239, 89.434, 91.303
6, 55.944, 25.181, 88.949
7, 40.598, 12.656, 97.707
8, 39.489, 39.002, 20.628
9, 87.685, 11.063, 53.540
10, 97.887, 92.584, 42.418
11, 30.170, 53.153, 15.676
12, 0.316, 43.021, 50.592
13, 99.175, 27.947, 32.221
14, 11.810, 10.125, 20.310
15, 48.189, 5.646, 67.907
16, 74.978, 43.185, 40.058
17, 44.144, 16.171, 12.937
18, 76.013, 77.112, 37.290
19, 73.086, 27.742, 92.499
20, 66.626, 85.945, 92.760
21, 10.986, 36.899, 41.191
22, 64.798, 20.296, 14.693
23, 51.376, 82.035, 52.628
24, 75.749, 41.963, 18.467
25, 80.275, 0.577, 22.163
26, 93.940, 6.103, 58.843
27, 35.103, 34.361, 77.534
28, 87.768, 55.346, 76.579
29, 72.160, 79.927, 22.660
30, 72.096, 35.512, 3.851
31, 72.336, 13.150, 23.921
32, 27.180, 6.616, 98.796
33, 39.018, 40.417, 86.715
34, 65.919, 49.200, 82.414
35, 56.588, 4.877, 38.700
36, 97.069, 78.599, 84.301
37, 83.732, 4.868, 65.033
38, 23.516, 88.672, 18.615
39, 91.946, 79.876, 32.387
40, 45.407, 90.253, 41.608
41, 70.901, 74.050, 22.923
42, 42.172, 53.164, 4.807
43, 95.319, 0.506, 87.576
44, 0.258, 31.446, 71.330
45, 98.447, 83.615, 48.689
46, 86.519, 40.648, 10.363
47, 74.322, 52.880, 85.485
48, 49.273, 10.303, 77.061
49, 92.251, 97.922, 15.162
