0, 83.499, 10.845, 48.726
1, 27.378, 55.639, 5.861
2, 18.302, 55.827, 90.196
3, 90.292, 0.277, 80.116
4, 20.272, 23.529, 49.952
5, 54.680, 15.456, 95.349
6, 73.934, 19.371, 25.287
7, 86.858, 86.695, 63.734
8, 60.256, 39.374, 36.008
9, 55.133, 22.210, 5.300
10, 51.295, 20.914, 4.131
11, 35.998, 25.906, 89.746
12, 75.102, 13.866, 17.806
13, 68.266, 30.677, 55.999
14, 79.654, 0.105, 93.951
15, 80.128, 50.084, 32.909
16, 0.018, 21.934, 4.932
17, 89.525, 34.882, 22.840
18, 73.478, 35.499, 51.570
19, 15.480, 86.255, 48.814
20, 87.962, 22.506, 90.785
21, 49.673, 9.655, 37.134
22, 76.847, 69.463, 99.987
23, 31.950, 23.105, 86.276
24, 43.880, 53.943, 81.279
25, 42.282, 4.206, 88.099
26, 67.759, 98.919, 50.980
27, 90.771, 61.402, 14.224
28, 10.894, 16.949, 25.217
29, 84.824, 34.196, 34.876
30, 52.534, 27.607, 70.101
31, 11.117, 4.849, 48.752
32, 87.471, 6.456, 77.135
33, 84.041, 12.500, 32.051
34, 23.604, 1.073, 14.124
35, 72.637, 70.158, 73.027
36, 18.968, 43.277, 86.121
37, 8.615, 4.074, 51.701
38, 75.158, 50.099, 63.819
39, 20.170, 59.375, 14.386
40, 91.199, 88.846, 63.860
41, 55.602, 94.427, 5.402
42, 71.419, 83.127, 92.711
43, 70.097, 56.074, 97.403
44, 92.984, 44.840, 89.165
45, 99.432, 74.375, 74.842
46, 17.680, 32.734, 34.219
47, 23.197, 60.243, 77.032
48, 73.675, 72.446, 43.361
49, 73.369, 68.750, 56.910
