0, 25.298, 9.324, 16.514
1, 37.610, 90.343, 10.344
2, 10.008, 56.863, 58.984
3, 12.848, 7.097, 83.615
4, 21.016, 26.747, 52.735
5, 7.841, 90.202, 90.304
6, 82.583, 70.389, 70.571
7, 87.729, 47.935, 37.083
8, 78.383, 30.789, 14.301
9, 68.737, 84.579, 33.594
10, 34.821, 64.000, 58.616
11, 33.583, 65.370, 80.701
12, 71.650, 39.800, 59.140
13, 80.484, 37.860, 96.753
14, 68.670, 20.257, 34.155
15, 36.652, 3.379, 37.486
16, 12.918, 12.949, 94.331
17, 4.086, 24.455, 30.327
18, 27.298, 0.030, 25.904
19, 58.696, 73.813, 71.899
20, 27.812, 15.885, 57.673
21, 48.586, 65.377, 18.179
22, 34.280, 17.717, 18.969
23, 89.687, 66.576, 91.423
24, 25.773, 61.288, 25.305
