0, 6.523, 19.911, 21.836
1, 83.904, 43.235, 90.104
2, 5.939, 28.720, 5.282
3, 1.600, 2.370, 80.527
4, 82.093, 43.633, 87.611
5, 23.906, 82.205, 63.844
6, 57.919, 42.890, 71.317
7, 38.492, 18.988, 74.401
8, 12.680, 29.722, 5.715
9, 42.976, 2.449, 1.925
10, 51.516, 85.658, 21.877
11, 74.918, 49.559, 26.250
12, 95.674, 39.403, 63.132
13, 77.969, 66.256, 56.270
14, 89.111, 9.814, 59.018
15, 22.329, 10.271, 63.120
16, 17.005, 95.197, 77.406
17, 22.826, 54.041, 46.581
18, 18.631, 13.893, 82.720
19, 54.690, 86.159, 87.463
20, 60.997, 99.081, 63.148
21, 55.264, 4.141, 62.826
22, 26.436, 8.055, 70.632
23, 91.967, 74.988, 59.128
24, 66.830, 6.174, 7.728
