0, 4.735, 61.851, 9.294
1, 59.486, 35.822, 38.126
2, 37.541, 51.460, 62.268
3, 22.591, 41.749, 11.650
4, 77.426, 70.847, 4.473
5, 98.692, 91.200, 65.968
6, 48.075, 62.549, 65.729
7, 96.410, 86.712, 69.121
8, 22.324, 47.596, 50.554
9, 64.609, 61.389, 62.488
10, 36.318, 65.579, 50.147
11, 16.509, 72.595, 19.958
12, 75.153, 79.150, 40.041
13, 91.908, 34.527, 84.399
14, 9.012, 74.902, 25.552
15, 89.419, 29.857, 16.880
16, 96.576, 15.783, 23.444
17, 68.275, 19.494, 93.628
18, 21.628, 76.260, 54.137
19, 2.714, 67.238, 90.287
20, 54.782, 11.830, 21.716
21, 46.006, 22.578, 88.736
22, 63.826, 39.970, 96.909
23, 4.704, 73.584, 90.384
24, 33.622, 19.848, 52.227
25, 7.757, 32.257, 90.084
26, 60.918, 98.601, 53.044
27, 91.618, 67.463, 38.331
28, 26.511, 29.576, 81.468
29, 23.654, 22.462, 41.300
30, 0.446, 55.129, 78.047
31, 28.158, 83.935, 13.320
32, 60.200, 77.092, 30.737
33, 41.891, 1.822, 16.165
34, 79.667, 5.750, 1.053
35, 3.814, 19.448, 67.277
36, 24.489, 30.792, 23.087
37, 51.421, 13.614, 56.735
38, 55.627, 12.497, 30.475
39, 47.751, 80.757, 83.991
40, 7.349, 91.938, 44.688
41, 12.649, 19.707, 65.063
42, 75.167, 40.688, 42.472
43, 62.985, 77.043, 76.476
44, 28.502, 80.707, 21.344
45, 30.944, 33.985, 22.004
46, 95.073, 66.677, 43.046
47, 48.875, 56.606, 97.885
48, 23.966, 84.839, 17.556
49, 38.049, 55.604, 85.798
