0, 79.908, 18.965, 39.712
1, 45.980, 12.636, 90.013
2, 8.747, 91.058, 18.820
3, 58.353, 24.741, 61.602
4, 42.052, 5.110, 75.611
5, 21.605, 56.448, 63.808
6, 1.570, 63.292, 69.593
7, 1.467, 7.562, 81.042
8, 15.401, 45.598, 23.967
9, 3.994, 42.660, 22.030
10, 61.603, 78.705, 12.971
11, 83.091, 71.209, 77.332
12, 86.275, 42.339, 15.940
13, 8.650, 62.422, 52.555
14, 82.495, 48.639, 72.981
15, 57.271, 4.244, 69.347
16, 73.653, 69.330, 36.596
17, 88.067, 12.563, 53.813
18, 96.752, 92.165, 90.650
19, 47.708, 84.515, 91.963
20, 52.879, 78.180, 63.372
21, 97.460, 30.450, 43.849
22, 16.225, 17.132, 57.731
23, 8.092, 84.383, 65.544
24, 45.560, 44.805, 73.545
