0, 99.098, 65.582, 69.472
1, 8.342, 0.008, 62.371
2, 92.759, 23.500, 84.878
3, 6.625, 45.744, 82.646
4, 93.457, 56.768, 82.900
5, 71.885, 53.713, 34.283
6, 24.031, 25.525, 95.611
7, 80.756, 68.078, 44.367
8, 18.354, 79.581, 60.853
9, 29.556, 82.789, 5.930
10, 97.620, 84.034, 28.172
11, 21.801, 87.474, 10.871
12, 85.703, 34.481, 80.761
13, 95.019, 51.824, 62.759
14, 87.423, 61.801, 3.191
15, 50.911, 72.152, 2.879
16, 36.530, 59.071, 6.671
17, 14.980, 98.998, 82.435
18, 60.311, 59.022, 70.405
19, 3.065, 27.981, 75.326
20, 10.587, 97.943, 20.543
21, 66.848, 64.060, 85.117
22, 33.553, 55.954, 52.753
23, 19.337, 45.704, 61.681
24, 0.739, 77.265, 1.527
