0, 9.374, 8.143, 19.750
1, 2.296, 68.826, 14.059
2, 74.311, 65.169, 15.854
3, 90.625, 44.035, 62.520
4, 36.847, 26.931, 43.598
5, 46.025, 88.667, 54.073
6, 42.523, 17.944, 8.601
7, 68.576, 49.861, 95.637
8, 79.777, 20.810, 55.704
9, 42.858, 61.132, 8.416
10, 54.161, 97.643, 76.572
11, 67.899, 52.720, 95.502
12, 75.767, 66.550, 59.086
13, 85.592, 9.462, 95.269
14, 24.303, 15.656, 13.015
15, 19.541, 12.417, 54.139
16, 44.830, 48.013, 53.611
17, 12.146, 46.302, 79.049
18, 70.963, 20.345, 77.941
19, 2.146, 17.640, 34.518
20, 2.342, 24.131, 87.986
21, 51.881, 27.384, 2.403
22, 13.140, 20.202, 33.195
23, 39.503, 45.649, 97.994
24, 80.758, 22.058, 21.132
25, 17.228, 27.038, 20.071
26, 82.537, 97.686, 88.024
27, 18.260, 16.393, 86.273
28, 34.601, 45.326, 65.931
29, 8.894, 73.247, 96.926
30, 81.841, 91.237, 82.067
31, 79.220, 83.228, 63.356
32, 56.538, 52.328, 11.991
33, 90.740, 36.817, 18.370
34, 3.773, 63.913, 91.934
35, 53.081, 14.824, 69.157
36, 22.906, 49.975, 44.059
37, 48.432, 93.244, 1.616
38, 90.457, 78.389, 30.816
39, 23.492, 90.674, 69.502
40, 18.684, 51.698, 95.178
41, 63.961, 2.981, 74.018
42, 9.522, 80.251, 74.737
43, 74.048, 21.325, 68.581
44, 47.406, 60.950, 30.390
45, 28.669, 2.108, 88.000
46, 88.826, 64.089, 33.556
47, 46.655, 63.269, 5.063
48, 98.817, 65.434, 76.835
49, 43.807, 3.294, 71.676
