0, 56.331, 91.725, 87.924
1, 61.873, 41.959, 21.996
2, 88.770, 58.176, 32.384
3, 75.897, 89.925, 56.298
4, 77.484, 76.147, 54.602
5, 11.380, 1.414, 20.778
6, 19.343, 17.857, 7.570
7, 36.835, 68.084, 22.701
8, 70.306, 24.956, 8.783
9, 28.257, 30.101, 72.544
10, 58.608, 19.173, 35.209
11, 31.658, 82.007, 20.367
12, 49.949, 67.830, 97.186
13, 30.595, 49.374, 16.479
14, 55.561, 21.769, 62.621
15, 59.345, 13.316, 84.690
16, 49.066, 64.296, 21.076
17, 80.865, 32.769, 5.079
18, 51.810, 90.061, 35.631
19, 15.233, 9.738, 66.997
20, 80.834, 86.620, 12.908
21, 56.121, 81.741, 10.141
22, 49.632, 19.449, 59.442
23, 2.925, 31.237, 37.335
24, 97.059, 31.516, 16.313
25, 82.473, 24.855, 9.317
26, 40.072, 62.736, 33.071
27, 42.554, 9.359, 91.466
28, 94.321, 35.586, 78.216
29, 30.161, 19.292, 64.190
30, 57.399, 26.448, 87.960
31, 34.665, 34.871, 70.241
32, 0.369, 48.547, 53.275
33, 58.612, 12.534, 94.368
34, 79.353, 16.700, 84.676
35, 74.460, 7.579, 29.524
36, 19.955, 79.828, 28.452
37, 94.184, 33.634, 21.569
38, 51.442, 93.970, 10.505
39, 39.221, 88.324, 97.319
40, 99.386, 32.483, 87.281
41, 21.590, 77.956, 73.332
42, 7.368, 42.523, 42.909
43, 44.551, 86.134, 8.628
44, 38.875, 59.502, 91.149
45, 96.749, 95.638, 31.948
46, 92.848, 31.537, 98.471
47, 50.711, 40.581, 26.707
48, 74.170, 83.441, 66.719
49, 44.913, 85.269, 91.243
