0, 91.903, 49.357, 96.760
1, 42.684, 0.668, 9.559
2, 7.649, 57.529, 86.787
3, 47.417, 56.943, 32.577
4, 46.742, 15.395, 34.378
5, 16.790, 24.398, 50.663
6, 61.964, 11.380, 47.213
7, 98.813, 26.503, 98.145
8, 18.335, 47.632, 53.334
9, 75.021, 75.634, 78.864
10, 92.929, 79.299, 11.372
11, 10.243, 51.054, 37.268
12, 97.946, 95.590, 11.454
13, 49.875, 2.022, 45.903
14, 93.757, 82.634, 93.831
15, 91.387, 62.885, 30.369
16, 82.376, 85.906, 2.626
17, 24.639, 35.035, 98.284
18, 18.553, 29.016, 94.528
19, 92.484, 14.244, 2.301
20, 71.921, 17.303, 41.515
21, 8.844, 21.769, 14.247
22, 65.033, 74.999, 90.005
23, 83.435, 25.372, 10.627
24, 61.692, 16.562, 39.164
