0, 52.365, 90.660, 17.769
1, 95.138, 57.015, 44.875
2, 16.895, 90.521, 94.777
3, 74.069, 74.284, 54.085
4, 1.312, 66.276, 63.558
5, 35.888, 18.415, 50.819
6, 73.094, 74.225, 95.432
7, 85.804, 40.626, 56.875
8, 80.721, 65.613, 63.710
9, 22.441, 88.551, 88.596
10, 95.335, 3.820, 70.182
11, 13.841, 0.295, 42.801
12, 23.497, 48.042, 8.230
13, 89.873, 83.218, 25.016
14, 58.963, 95.591, 3.441
15, 69.913, 45.101, 98.019
16, 25.068, 65.566, 7.965
17, 94.306, 7.628, 52.452
18, 76.900, 49.312, 44.954
19, 25.730, 99.437, 20.522
20, 16.767, 54.292, 92.788
21, 79.086, 30.641, 90.974
22, 20.952, 54.134, 24.049
23, 56.821, 62.491, 79.251
24, 30.413, 49.978, 61.958
