0, 58.465, 63.529, 5.771
1, 74.715, 20.497, 45.653
2, 91.599, 83.169, 90.419
3, 8.631, 27.719, 65.017
4, 3.510, 98.528, 82.337
5, 79.095, 71.022, 9.522
6, 26.502, 43.483, 76.094
7, 57.734, 79.103, 36.702
8, 65.224, 72.745, 79.351
9, 88.735, 32.563, 3.834
10, 83.768, 23.921, 76.464
11, 61.715, 54.721, 11.314
12, 29.723, 69.198, 62.058
13, 7.753, 98.806, 69.168
14, 34.848, 98.829, 85.861
15, 73.905, 68.068, 44.664
16, 74.761, 84.407, 84.042
17, 85.492, 9.402, 63.574
18, 19.124, 91.483, 43.582
19, 61.113, 24.693, 31.379
20, 41.731, 34.358, 93.229
21, 6.417, 48.266, 51.771
22, 78.219, 87.456, 60.436
23, 44.548, 98.229, 53.139
24, 24.786, 23.599, 52.391
25, 41.142, 74.196, 24.589
26, 5.591, 98.310, 7.493
27, 4.485, 82.143, 91.577
28, 33.892, 24.870, 95.016
29, 4.115, 49.800, 24.573
30, 77.066, 92.092, 11.618
31, 33.699, 92.448, 52.376
32, 69.594, 72.921, 42.395
33, 46.502, 54.983, 15.030
34, 31.857, 52.190, 47.704
35, 70.827, 27.366, 42.853
36, 29.275, 22.675, 17.930
37, 68.953, 17.738, 17.719
38, 60.754, 88.746, 4.376
39, 22.675, 46.365, 91.461
40, 92.177, 60.976, 31.840
41, 27.836, 48.543, 5.895
42, 69.871, 36.725, 27.992
43, 12.933, 74.480, 90.143
44, 61.226, 0.515, 47.917
45, 3.619, 16.979, 65.261
46, 50.066, 36.157, 56.397
47, 28.487, 77.234, 40.011
48, 10.372, 16.779, 6.301
49, 90.764, 46.870, 49.747
