0, 32.488, 17.884, 31.408
1, 39.372, 56.778, 23.676
2, 52.389, 87.083, 40.096
3, 76.991, 6.223, 45.972
4, 53.918, 59.395, 76.127
5, 92.172, 76.830, 6.683
6, 54.803, 69.054, 75.087
7, 20.826, 54.992, 92.624
8, 28.162, 42.997, 78.300
9, 32.002, 3.755, 44.413
10, 40.475, 52.549, 97.279
11, 92.983, 65.282, 73.399
12, 89.817, 65.346, 66.973
13, 1.568, 45.316, 62.729
14, 46.400, 66.558, 54.652
15, 56.742, 70.480, 84.563
16, 90.379, 34.750, 85.779
17, 29.553, 48.638, 56.171
18, 7.362, 5.817, 99.586
19, 4.510, 26.284, 8.482
20, 4.372, 57.106, 23.206
21, 7.246, 95.441, 73.997
22, 68.785, 82.059, 81.006
23, 50.695, 32.488, 1.315
24, 18.127, 22.448, 5.836
25, 36.041, 71.064, 97.427
26, 32.319, 18.916, 30.614
27, 69.166, 61.492, 1.956
28, 71.441, 67.458, 78.988
29, 80.093, 97.645, 57.810
30, 90.915, 49.122, 34.809
31, 75.655, 21.961, 54.734
32, 91.330, 92.690, 44.317
33, 99.991, 7.010, 39.054
34, 58.645, 36.660, 73.438
35, 7.814, 98.032, 11.379
36, 18.693, 7.901, 72.860
37, 14.436, 28.634, 86.958
38, 22.409, 99.695, 72.853
39, 85.280, 34.694, 12.770
40, 59.332, 56.187, 9.500
41, 84.577, 12.683, 47.761
42, 7.166, 14.040, 20.995
43, 78.184, 76.723, 15.908
44, 49.981, 96.831, 84.487
45, 29.785, 28.917, 33.591
46, 30.446, 9.454, 8.505
47, 94.551, 66.573, 1.639
48, 43.485, 68.561, 68.711
49, 23.322, 7.043, 98.017
