0, 53.543, 32.022, 45.518
1, 47.395, 18.316, 93.505
2, 20.177, 57.736, 88.346
3, 45.196, 56.054, 37.170
4, 2.155, 69.817, 44.645
5, 22.704, 18.841, 18.819
6, 88.624, 15.455, 11.920
7, 30.046, 2.138, 64.559
8, 97.769, 13.016, 42.616
9, 35.708, 0.373, 72.216
10, 11.930, 91.351, 96.683
11, 63.010, 83.026, 62.891
12, 99.071, 68.029, 47.896
13, 93.655, 74.494, 33.807
14, 14.866, 86.467, 39.030
15, 50.792, 69.489, 59.120
16, 34.254, 53.670, 59.423
17, 57.727, 5.045, 3.971
18, 52.986, 15.022, 86.734
19, 81.712, 76.703, 93.857
20, 4.826, 74.540, 22.898
21, 47.141, 10.873, 14.344
22, 29.298, 81.799, 60.535
23, 29.746, 84.762, 44.408
24, 43.510, 27.669, 81.469
25, 65.012, 92.825, 20.817
26, 54.818, 62.810, 15.719
27, 30.356, 45.838, 81.202
28, 15.640, 95.740, 89.276
29, 55.643, 68.266, 82.079
30, 60.346, 86.331, 92.379
31, 57.643, 42.935, 73.067
32, 70.647, 22.024, 88.182
33, 67.752, 5.937, 46.784
34, 76.407, 27.550, 53.689
35, 5.321, 42.394, 90.280
36, 15.926, 16.748, 47.795
37, 61.955, 84.361, 2.737
38, 89.599, 16.922, 55.711
39, 32.680, 82.176, 68.139
40, 14.331, 37.272, 46.917
41, 18.326, 72.556, 81.276
42, 60.870, 58.470, 13.555
43, 68.068, 20.687, 21.005
44, 24.434, 70.646, 29.805
45, 92.547, 54.158, 55.239
46, 50.946, 41.897, 46.055
47, 50.735, 48.332, 34.362
48, 45.819, 10.422, 1.809
49, 6.220, 88.237, 53.193
