0, 9.300, 59.978, 63.290
1, 58.073, 49.936, 47.129
2, 44.980, 3.640, 50.510
3, 61.350, 2.700, 2.121
4, 48.079, 42.577, 84.963
5, 98.141, 55.335, 86.909
6, 82.640, 92.734, 22.072
7, 4.903, 17.368, 59.919
8, 97.499, 12.214, 59.184
9, 53.023, 42.122, 7.205
10, 69.180, 76.687, 38.686
11, 85.700, 97.719, 89.350
12, 92.239, 67.714, 13.827
13, 47.033, 0.048, 69.400
14, 32.942, 15.870, 67.964
15, 79.491, 77.797, 59.318
16, 50.970, 65.930, 16.048
17, 17.810, 13.189, 11.679
18, 83.444, 24.930, 42.275
19, 76.364, 42.758, 88.204
20, 62.059, 64.606, 67.060
21, 36.510, 28.616, 53.638
22, 53.945, 74.807, 95.336
23, 26.885, 39.926, 54.071
24, 14.334, 68.648, 2.253
