0, 83.046, 86.000, 10.253
1, 99.795, 44.008, 35.817
2, 83.224, 47.360, 37.825
3, 95.298, 24.093, 38.644
4, 15.885, 35.741, 36.054
5, 40.870, 91.223, 25.126
6, 56.879, 96.143, 97.116
7, 8.444, 78.571, 48.148
8, 1.570, 64.582, 35.487
9, 99.972, 4.044, 22.814
10, 66.850, 84.190, 34.842
11, 52.560, 26.828, 42.058
12, 82.075, 21.409, 89.403
13, 27.307, 1.767, 69.672
14, 92.541, 18.187, 9.476
15, 74.574, 37.326, 84.333
16, 30.417, 66.906, 59.385
17, 13.032, 91.364, 16.937
18, 14.386, 88.785, 46.661
19, 51.460, 42.036, 24.840
20, 74.427, 61.135, 45.808
21, 88.051, 53.706, 4.831
22, 44.464, 77.894, 15.517
23, 38.637, 21.339, 26.596
24, 26.399, 67.221, 88.425
