0, 20.012, 39.759, 51.499
1, 15.726, 87.507, 48.357
2, 91.347, 13.768, 76.578
3, 86.404, 26.716, 30.847
4, 71.195, 45.186, 83.085
5, 9.087, 0.261, 77.566
6, 51.536, 38.946, 38.330
7, 50.579, 82.453, 82.712
8, 21.693, 8.441, 19.270
9, 11.583, 69.900, 68.174
10, 3.788, 72.855, 53.505
11, 18.492, 55.332, 57.594
12, 90.735, 57.130, 7.590
13, 78.212, 47.960, 25.000
14, 71.010, 91.296, 47.700
15, 70.707, 6.435, 6.910
16, 45.123, 12.500, 38.009
17, 23.682, 50.002, 86.591
18, 86.239, 13.898, 1.161
19, 10.009, 57.925, 43.977
20, 38.815, 50.657, 88.316
21, 82.200, 25.671, 32.506
22, 92.769, 20.803, 40.437
23, 2.422, 65.716, 72.223
24, 43.430, 31.466, 10.226
