0, 23.144, 81.014, 83.560
1, 68.293, 55.366, 16.946
2, 76.327, 31.188, 88.366
3, 48.226, 67.877, 28.658
4, 55.237, 82.286, 41.316
5, 76.803, 10.661, 81.378
6, 97.694, 74.268, 75.699
7, 90.515, 31.413, 52.676
8, 47.114, 17.051, 19.813
9, 20.714, 66.840, 43.219
10, 65.631, 48.662, 59.662
11, 83.419, 63.404, 17.904
12, 0.721, 56.915, 5.510
13, 24.607, 61.574, 34.799
14, 40.536, 64.894, 61.739
15, 42.529, 6.190, 38.390
16, 68.542, 41.264, 31.103
17, 95.493, 58.224, 30.914
18, 95.859, 7.428, 31.297
19, 9.338, 18.773, 48.983
20, 78.593, 32.898, 68.391
21, 32.140, 31.587, 7.969
22, 99.001, 21.737, 48.457
23, 12.901, 96.305, 23.216
24, 79.309, 87.032, 38.359
