0, 1.339, 53.937, 27.248
1, 39.918, 48.018, 93.779
2, 5.960, 44.782, 17.753
3, 10.859, 87.853, 18.837
4, 55.974, 34.072, 89.396
5, 85.464, 97.383, 71.979
6, 98.600, 99.032, 98.804
7, 79.603, 82.360, 78.262
8, 84.813, 89.869, 40.427
9, 34.463, 65.610, 96.064
10, 74.782, 29.855, 42.960
11, 18.714, 40.533, 39.457
12, 76.007, 8.421, 11.581
13, 65.362, 75.911, 79.607
14, 11.678, 82.222, 36.283
15, 18.641, 0.217, 88.385
16, 4.644, 9.944, 91.381
17, 14.852, 98.830, 40.918
18, 5.010, 56.871, 91.968
19, 79.852, 42.804, 21.091
20, 61.884, 64.110, 74.344
21, 32.880, 75.729, 39.554
22, 47.240, 30.898, 19.081
23, 11.557, 52.677, 17.138
24, 47.980, 14.088, 33.782
25, 1.576, 7.801, 32.484
26, 44.272, 54.242, 72.722
27, 19.565, 10.831, 6.620
28, 20.752, 34.195, 51.778
29, 52.169, 19.603, 79.071
30, 17.263, 75.459, 85.795
31, 84.475, 52.516, 87.275
32, 4.377, 10.365, 24.834
33, 64.110, 24.851, 5.335
34, 8.354, 31.221, 7.989
35, 40.548, 64.335, 81.449
36, 67.104, 16.157, 38.616
37, 45.636, 62.931, 62.401
38, 99.362, 24.667, 46.923
39, 81.534, 93.946, 56.438
40, 17.966, 60.123, 60.011
41, 8.521, 68.632, 83.630
42, 75.280, 36.709, 62.458
43, 70.561, 19.107, 48.422
44, 24.697, 77.091, 30.903
45, 20.589, 90.252, 19.164
46, 98.824, 85.863, 94.935
47, 31.033, 0.768, 61.128
48, 95.525, 33.063, 85.154
49, 44.608, 83.922, 42.648
