0, 6.615, 34.360, 51.249
1, 6.468, 6.278, 9.990
2, 45.968, 67.134, 96.794
3, 77.289, 72.307, 72.274
4, 92.852, 34.099, 15.439
5, 60.630, 16.651, 41.188
6, 53.055, 11.417, 48.492
7, 1.300, 28.404, 60.397
8, 24.196, 78.197, 60.998
9, 31.493, 57.787, 22.326
10, 0.874, 71.992, 69.390
11, 72.918, 14.750, 92.988
12, 80.403, 53.166, 47.209
13, 29.801, 13.004, 4.238
14, 60.983, 64.617, 63.622
15, 43.222, 72.139, 70.740
16, 18.912, 27.575, 36.882
17, 89.814, 54.359, 74.496
18, 14.020, 7.241, 52.811
19, 12.007, 7.631, 1.217
20, 82.532, 83.217, 52.966
21, 58.657, 10.065, 96.961
22, 23.768, 94.419, 67.616
23, 76.899, 44.488, 67.910
24, 24.719, 27.332, 50.602
25, 35.965, 98.976, 35.390
26, 71.064, 25.141, 93.642
27, 24.163, 76.914, 95.247
28, 99.273, 92.262, 67.277
29, 60.133, 61.618, 34.259
30, 95.234, 87.852, 41.339
31, 91.481, 27.583, 80.076
32, 69.148, 77.514, 60.868
33, 23.922, 54.299, 12.246
34, 70.163, 49.190, 43.841
35, 46.990, 94.865, 66.354
36, 31.192, 25.854, 11.453
37, 71.521, 34.331, 84.611
38, 78.133, 88.192, 38.656
39, 96.654, 32.255, 58.615
40, 53.478, 51.646, 17.380
41, 20.201, 19.624, 33.766
42, 61.466, 49.351, 35.139
43, 85.711, 56.520, 86.994
44, 64.580, 31.294, 73.093
45, 81.589, 74.115, 67.624
46, 94.553, 96.745, 99.809
47, 71.725, 15.619, 91.406
48, 60.505, 48.397, 24.583
49, 63.576, 27.656, 31.773
