0, 61.708, 14.932, 85.817
1, 61.947, 39.503, 73.329
2, 64.989, 85.032, 14.800
3, 99.097, 68.143, 33.711
4, 59.461, 75.485, 36.904
5, 45.058, 95.588, 79.737
6, 2.742, 20.456, 23.268
7, 79.726, 25.946, 38.566
8, 5.271, 21.100, 50.888
9, 75.853, 22.061, 2.844
10, 73.176, 21.508, 93.494
11, 75.982, 5.868, 81.526
12, 7.455, 70.332, 92.434
13, 58.854, 48.908, 59.040
14, 82.846, 66.453, 99.192
15, 11.399, 71.127, 79.573
16, 71.417, 39.507, 31.445
17, 66.281, 30.554, 42.795
18, 59.868, 76.311, 83.799
19, 46.344, 42.815, 65.956
20, 14.481, 27.054, 36.381
21, 29.296, 90.303, 50.851
22, 74.404, 74.033, 48.295
23, 53.945, 8.474, 98.921
24, 60.709, 99.857, 25.717
