0, 44.319, 17.971, 92.898
1, 17.877, 75.126, 16.944
2, 9.428, 95.377, 79.051
3, 19.860, 55.847, 41.321
4, 6.351, 94.370, 45.903
5, 13.479, 92.575, 55.476
6, 32.301, 88.815, 11.284
7, 88.087, 65.036, 99.115
8, 40.206, 30.241, 36.596
9, 5.708, 64.359, 46.803
10, 34.003, 31.388, 18.143
11, 21.302, 41.845, 16.267
12, 30.128, 83.826, 35.285
13, 80.831, 46.676, 57.568
14, 96.303, 44.418, 27.044
15, 97.051, 88.541, 4.817
16, 79.107, 52.590, 23.819
17, 48.370, 30.631, 80.399
18, 58.232, 63.426, 8.113
19, 90.866, 6.356, 70.355
20, 47.718, 45.740, 97.874
21, 15.293, 65.243, 69.647
22, 47.156, 90.706, 20.903
23, 41.162, 19.731, 1.976
24, 56.287, 74.150, 35.187
