0, 33.294, 80.506, 59.815
1, 82.040, 28.558, 17.575
2, 29.245, 82.491, 31.882
3, 52.258, 39.541, 50.912
4, 82.918, 97.850, 58.978
5, 51.131, 82.322, 3.898
6, 35.241, 38.221, 27.308
7, 39.644, 22.686, 70.204
8, 61.867, 74.261, 64.208
9, 58.920, 87.342, 25.959
10, 20.941, 45.290, 94.181
11, 53.672, 98.596, 90.354
12, 97.346, 99.711, 71.330
13, 80.102, 51.566, 89.355
14, 33.452, 24.101, 62.588
15, 23.296, 68.250, 57.849
16, 54.006, 18.350, 86.061
17, 77.420, 88.263, 69.982
18, 10.921, 30.267, 84.009
19, 16.273, 4.090, 1.456
20, 75.332, 3.303, 42.132
21, 5.798, 76.024, 51.949
22, 25.996, 1.497, 44.479
23, 62.803, 33.795, 62.407
24, 44.384, 56.762, 95.408
25, 57.827, 28.604, 78.529
26, 37.419, 53.669, 65.300
27, 39.901, 7.114, 19.814
28, 71.277, 97.322, 87.698
29, 73.890, 23.647, 33.604
30, 37.024, 12.400, 8.367
31, 1.253, 21.132, 83.968
32, 39.758, 85.397, 76.526
33, 23.760, 69.225, 41.417
34, 83.384, 76.869, 8.920
35, 78.812, 93.004, 66.282
36, 42.910, 5.660, 47.435
37, 86.396, 30.863, 17.235
38, 1.268, 61.346, 39.464
39, 58.746, 7.778, 5.300
40, 57.908, 41.531, 65.125
41, 5.481, 12.101, 69.392
42, 80.274, 44.178, 63.679
43, 49.811, 63.402, 61.442
44, 82.100, 2.000, 32.441
45, 81.766, 98.916, 65.320
46, 31.196, 73.246, 41.082
47, 48.745, 4.928, 48.175
48, 50.992, 66.661, 38.242
49, 23.508, 70.904, 5.288
