0, 93.058, 39.258, 90.068
1, 62.694, 30.736, 68.453
2, 50.192, 18.519, 51.501
3, 58.770, 90.594, 14.966
4, 72.102, 78.002, 35.466
5, 83.629, 57.578, 91.281
6, 81.824, 68.938, 63.592
7, 50.642, 86.483, 16.410
8, 86.248, 46.811, 74.291
9, 90.348, 36.426, 85.966
10, 58.098, 67.301, 43.991
11, 29.749, 98.547, 3.879
12, 79.457, 64.077, 6.032
13, 71.661, 50.773, 38.193
14, 74.412, 87.614, 97.995
15, 77.570, 56.179, 81.565
16, 99.321, 60.633, 8.886
17, 42.662, 1.665, 57.562
18, 77.177, 55.857, 18.838
19, 0.284, 72.944, 65.611
20, 27.251, 6.715, 55.997
21, 59.312, 81.219, 46.491
22, 99.860, 51.934, 18.601
23, 50.236, 91.992, 28.773
24, 27.939, 68.412, 78.031
