0, 89.006, 45.040, 27.965
1, 38.917, 81.643, 31.567
2, 49.041, 9.496, 13.124
3, 74.280, 79.897, 51.602
4, 49.140, 10.931, 54.567
5, 92.755, 30.338, 36.295
6, 95.989, 23.166, 57.337
7, 54.366, 53.058, 21.887
8, 8.379, 58.699, 47.585
9, 23.176, 11.422, 7.709
10, 65.300, 55.728, 24.724
11, 22.405, 71.086, 50.807
12, 60.681, 41.173, 84.161
13, 22.973, 95.102, 39.142
14, 81.945, 73.944, 26.028
15, 77.930, 51.234, 28.144
16, 9.124, 9.682, 73.374
17, 84.695, 25.072, 52.138
18, 98.754, 79.216, 13.072
19, 56.998, 38.727, 28.399
20, 47.686, 36.806, 53.230
21, 8.625, 75.618, 57.380
22, 92.818, 3.260, 21.696
23, 44.820, 84.082, 10.070
24, 23.188, 51.718, 91.061
