0, 55.936, 26.130, 77.327
1, 49.869, 11.339, 70.382
2, 45.641, 69.517, 56.783
3, 0.649, 83.830, 83.674
4, 39.484, 45.468, 93.361
5, 94.994, 93.185, 77.294
6, 27.519, 34.378, 34.533
7, 14.689, 50.290, 18.674
8, 69.428, 71.892, 95.188
9, 63.692, 12.149, 61.365
10, 49.213, 33.334, 81.441
11, 84.157, 15.182, 96.766
12, 58.156, 8.290, 43.376
13, 14.397, 87.301, 39.090
14, 73.050, 4.523, 84.973
15, 80.546, 29.065, 18.439
16, 57.500, 14.407, 66.399
17, 93.276, 98.567, 17.089
18, 64.795, 22.935, 95.032
19, 7.970, 9.307, 88.029
20, 79.580, 30.199, 26.568
21, 41.462, 61.166, 66.294
22, 38.460, 43.662, 86.539
23, 46.327, 40.126, 86.099
24, 93.135, 69.748, 61.893
