0, 2.561, 57.221, 4.216
1, 62.031, 27.856, 56.632
2, 8.717, 80.877, 64.772
3, 93.635, 36.968, 9.098
4, 38.769, 52.977, 29.023
5, 37.089, 62.960, 32.614
6, 51.601, 77.334, 35.050
7, 35.551, 17.258, 26.529
8, 43.629, 79.125, 59.576
9, 87.595, 4.469, 66.681
10, 81.880, 9.052, 21.794
11, 95.195, 38.617, 57.910
12, 35.462, 19.587, 52.981
13, 22.426, 86.919, 73.895
14, 16.609, 79.131, 1.969
15, 85.806, 28.910, 90.973
16, 60.559, 1.449, 87.798
17, 88.930, 67.648, 29.316
18, 87.216, 64.247, 62.708
19, 13.583, 60.442, 75.802
20, 66.614, 69.765, 73.973
21, 83.445, 92.676, 95.514
22, 50.514, 57.278, 12.027
23, 95.968, 23.450, 29.876
24, 2.219, 30.762, 57.905
25, 52.945, 75.828, 53.237
26, 7.335, 59.685, 85.051
27, 51.904, 2.403, 85.115
28, 94.843, 63.537, 17.934
29, 89.647, 25.473, 99.762
30, 75.319, 51.293, 15.900
31, 94.682, 62.723, 34.835
32, 60.955, 66.907, 76.121
33, 16.046, 30.819, 21.736
34, 81.205, 60.743, 66.453
35, 2.368, 94.453, 97.272
36, 95.722, 97.203, 30.168
37, 33.584, 30.163, 1.955
38, 22.775, 15.530, 80.725
39, 5.122, 1.940, 52.052
40, 53.170, 67.015, 92.236
41, 16.069, 58.192, 65.236
42, 85.152, 82.915, 93.776
43, 98.932, 13.550, 59.915
44, 63.581, 27.704, 31.562
45, 96.849, 6.659, 22.394
46, 35.356, 84.892, 15.613
47, 17.218, 42.262, 38.261
48, 75.190, 10.402, 74.386
49, 86.218, 48.152, 68.657
