0, 88.969, 13.668, 27.962
1, 23.825, 38.685, 79.835
2, 7.083, 36.907, 85.571
3, 13.903, 29.207, 34.550
4, 66.550, 81.701, 71.735
5, 24.729, 31.602, 12.559
6, 86.964, 2.920, 16.950
7, 68.581, 72.372, 65.681
8, 94.156, 86.677, 88.314
9, 98.298, 21.057, 23.920
10, 2.890, 73.489, 20.038
11, 36.769, 67.387, 92.880
12, 41.052, 99.282, 65.107
13, 18.914, 93.104, 63.111
14, 8.445, 16.799, 27.667
15, 96.037, 14.693, 73.335
16, 0.698, 78.915, 28.679
17, 62.504, 5.712, 71.054
18, 1.388, 96.401, 62.720
19, 10.516, 69.462, 40.305
20, 71.151, 87.036, 86.193
21, 66.586, 61.441, 94.245
22, 67.917, 53.974, 83.273
23, 19.419, 44.891, 33.264
24, 26.239, 25.452, 34.485
