0, 22.449, 56.769, 9.183
1, 99.199, 42.947, 24.015
2, 21.354, 65.812, 38.807
3, 47.939, 77.686, 69.445
4, 60.460, 47.237, 31.568
5, 38.942, 86.248, 86.909
6, 68.095, 49.429, 24.268
7, 94.951, 38.545, 90.790
8, 48.839, 5.506, 26.295
9, 99.497, 96.439, 37.238
10, 70.049, 51.513, 95.590
11, 21.119, 43.379, 95.782
12, 35.462, 75.717, 59.595
13, 5.154, 64.462, 20.776
14, 51.971, 90.308, 47.236
15, 68.533, 12.879, 33.699
16, 42.727, 99.533, 33.341
17, 72.302, 0.240, 3.716
18, 15.485, 71.525, 69.029
19, 94.113, 71.645, 54.043
20, 84.655, 94.124, 65.720
21, 1.186, 29.869, 23.550
22, 32.025, 61.391, 28.936
23, 72.083, 72.274, 80.905
24, 40.232, 33.730, 40.880
