0, 71.173, 51.413, 79.079
1, 17.059, 37.246, 84.451
2, 82.364, 57.771, 72.939
3, 94.143, 36.558, 65.546
4, 79.172, 37.191, 59.113
5, 82.514, 46.247, 62.729
6, 89.035, 93.044, 79.383
7, 80.874, 83.717, 39.714
8, 63.214, 84.185, 81.452
9, 70.456, 85.653, 95.304
10, 98.841, 35.985, 6.953
11, 36.814, 7.145, 62.901
12, 5.540, 59.538, 84.503
13, 58.536, 42.230, 89.142
14, 12.145, 85.058, 56.883
15, 54.941, 51.888, 25.554
16, 91.017, 53.121, 58.137
17, 25.515, 86.538, 54.599
18, 94.024, 80.921, 68.399
19, 90.762, 80.400, 88.963
20, 65.641, 84.997, 10.780
21, 68.398, 13.464, 74.033
22, 62.574, 46.913, 89.934
23, 25.276, 93.047, 54.281
24, 20.662, 76.599, 7.076
