0, 98.903, 5.461, 17.068
1, 75.587, 90.822, 37.979
2, 74.362, 89.499, 59.439
3, 56.819, 86.986, 19.056
4, 17.445, 3.148, 50.712
5, 66.685, 51.448, 53.554
6, 28.494, 62.545, 88.630
7, 90.164, 31.337, 32.945
8, 95.079, 85.344, 97.244
9, 40.811, 31.533, 39.864
10, 73.988, 16.137, 18.596
11, 82.473, 8.322, 8.029
12, 98.379, 78.846, 28.129
13, 13.188, 43.330, 15.519
14, 72.550, 18.338, 39.185
15, 81.063, 72.278, 22.876
16, 45.775, 30.769, 66.595
17, 60.565, 59.009, 41.794
18, 69.970, 51.596, 78.684
19, 61.385, 85.302, 6.928
20, 17.960, 91.372, 72.558
21, 91.120, 76.912, 29.552
22, 88.332, 69.601, 34.357
23, 95.296, 27.286, 84.753
24, 68.911, 26.403, 14.804
