0, 83.272, 27.932, 39.432
1, 45.852, 31.061, 2.298
2, 70.687, 10.352, 83.502
3, 83.390, 24.823, 84.006
4, 80.717, 26.260, 47.111
5, 13.421, 39.727, 31.503
6, 34.067, 91.123, 57.526
7, 42.023, 23.352, 84.241
8, 84.808, 62.197, 6.641
9, 79.777, 43.377, 77.326
10, 79.337, 12.268, 28.479
11, 9.916, 23.408, 46.256
12, 26.881, 7.048, 47.850
13, 70.276, 79.472, 86.083
14, 4.260, 38.481, 56.124
15, 38.821, 42.331, 29.896
16, 7.265, 24.564, 25.581
17, 57.560, 86.066, 87.003
18, 7.636, 9.839, 33.659
19, 80.524, 79.109, 97.437
20, 88.026, 93.942, 24.123
21, 99.431, 70.927, 38.959
22, 72.519, 38.100, 45.288
23, 65.555, 86.592, 53.472
24, 27.231, 85.444, 63.356
