0, 19.034, 95.761, 67.838
1, 24.300, 15.474, 93.723
2, 76.892, 76.918, 38.973
3, 91.207, 20.419, 85.628
4, 5.915, 6.673, 15.885
5, 76.481, 17.939, 68.023
6, 2.266, 65.323, 19.038
7, 65.699, 48.084, 94.453
8, 99.308, 76.330, 27.207
9, 93.792, 98.368, 93.392
10, 38.796, 9.286, 86.360
11, 40.077, 7.136, 51.833
12, 51.562, 34.710, 50.121
13, 31.028, 43.847, 18.761
14, 71.812, 80.931, 88.537
15, 72.543, 61.164, 52.928
16, 32.310, 0.643, 50.545
17, 78.324, 4.306, 66.185
18, 4.757, 75.215, 7.811
19, 61.674, 31.284, 20.781
20, 18.796, 47.021, 96.661
21, 63.316, 43.967, 7.257
22, 47.065, 8.968, 94.807
23, 20.017, 35.144, 89.086
24, 33.387, 34.565, 38.264
