0, 44.235, 20.050, 77.651
1, 4.344, 52.002, 4.307
2, 86.073, 89.772, 82.032
3, 39.533, 79.626, 31.005
4, 7.572, 57.486, 47.133
5, 47.207, 65.403, 65.033
6, 53.661, 51.628, 99.285
7, 63.690, 50.954, 96.758
8, 31.536, 6.272, 19.447
9, 35.060, 22.290, 61.672
10, 0.697, 84.683, 89.621
11, 31.508, 66.489, 61.771
12, 14.861, 35.376, 56.702
13, 54.039, 99.608, 67.049
14, 38.626, 5.667, 95.464
15, 71.487, 15.594, 89.481
16, 59.017, 1.105, 43.374
17, 40.923, 14.048, 54.150
18, 19.423, 14.335, 34.990
19, 9.420, 21.399, 1.215
20, 65.021, 94.623, 92.085
21, 93.463, 46.233, 96.242
22, 46.527, 17.094, 73.493
23, 12.415, 64.549, 37.515
24, 71.629, 36.243, 76.891
