0, 90.460, 31.962, 36.691
1, 1.928, 38.141, 18.802
2, 77.985, 33.287, 95.411
3, 64.268, 29.934, 44.324
4, 53.313, 58.522, 98.579
5, 41.342, 32.885, 31.355
6, 86.146, 79.984, 91.076
7, 41.738, 7.243, 89.992
8, 13.497, 38.648, 2.831
9, 7.480, 82.942, 5.134
10, 90.180, 37.891, 10.008
11, 34.510, 29.902, 9.073
12, 86.684, 4.627, 32.728
13, 16.641, 65.167, 71.109
14, 54.529, 95.377, 33.726
15, 9.243, 63.387, 4.260
16, 9.469, 67.363, 94.677
17, 16.197, 81.411, 20.080
18, 94.722, 22.817, 81.167
19, 65.795, 69.706, 8.303
20, 19.957, 20.564, 19.382
21, 62.293, 80.574, 74.401
22, 35.335, 18.117, 47.927
23, 30.658, 54.115, 78.192
24, 85.530, 38.320, 26.863
25, 42.572, 68.089, 89.886
26, 51.708, 89.899, 96.399
27, 10.622, 55.273, 45.393
28, 32.918, 27.481, 6.557
29, 50.301, 56.633, 52.382
30, 15.993, 52.029, 46.918
31, 18.684, 87.501, 67.403
32, 86.663, 48.227, 69.856
33, 83.849, 87.382, 85.199
34, 24.721, 87.350, 72.936
35, 65.131, 4.841, 70.630
36, 28.807, 20.481, 95.738
37, 24.599, 33.344, 63.963
38, 19.742, 15.013, 99.451
39, 78.771, 33.632, 53.085
40, 32.567, 97.722, 22.384
41, 62.841, 45.186, 88.732
42, 34.976, 2.966, 28.073
43, 34.423, 77.962, 79.223
44, 78.192, 98.800, 8.365
45, 48.044, 5.827, 14.164
46, 2.138, 17.306, 80.044
47, 18.113, 82.307, 49.569
48, 14.434, 9.271, 45.402
49, 64.147, 50.009, 51.756
