0, 44.340, 4.429, 13.450
1, 49.006, 3.449, 49.514
2, 53.804, 57.431, 89.803
3, 14.389, 19.913, 40.252
4, 75.259, 75.758, 34.250
5, 53.243, 32.601, 10.733
6, 96.410, 32.621, 12.265
7, 17.220, 75.262, 14.312
8, 43.426, 80.871, 43.672
9, 77.408, 3.491, 62.812
10, 35.745, 68.105, 62.859
11, 54.087, 76.087, 37.721
12, 84.340, 16.222, 20.776
13, 92.059, 18.524, 94.390
14, 16.869, 50.824, 13.793
15, 93.281, 32.252, 57.417
16, 10.643, 22.877, 93.705
17, 28.269, 98.640, 5.766
18, 48.256, 51.880, 15.227
19, 59.867, 24.528, 23.044
20, 70.363, 73.837, 90.312
21, 51.439, 92.188, 4.310
22, 70.754, 97.339, 29.343
23, 99.723, 27.738, 16.496
24, 16.216, 60.252, 28.206
