0, 81.703, 24.464, 68.590
1, 4.160, 32.601, 90.227
2, 11.117, 67.553, 86.923
3, 73.572, 63.128, 33.165
4, 79.071, 36.372, 49.088
5, 81.903, 94.772, 80.214
6, 61.860, 2.730, 45.360
7, 85.985, 28.724, 67.014
8, 70.105, 26.031, 57.824
9, 76.130, 33.283, 10.338
10, 80.662, 55.575, 59.736
11, 6.374, 1.744, 9.471
12, 92.968, 64.614, 67.097
13, 92.544, 77.070, 83.679
14, 78.924, 58.147, 92.944
15, 84.285, 92.660, 89.127
16, 15.763, 82.437, 1.587
17, 87.570, 66.595, 40.787
18, 42.967, 16.321, 4.931
19, 30.574, 59.466, 49.318
20, 77.011, 46.583, 23.610
21, 87.598, 78.225, 96.371
22, 98.978, 10.635, 54.442
23, 8.819, 52.885, 91.581
24, 73.862, 58.649, 69.622
25, 58.006, 74.830, 66.178
26, 72.191, 72.901, 33.899
27, 78.861, 79.923, 27.734
28, 98.294, 23.681, 12.162
29, 23.657, 40.347, 12.264
30, 12.628, 33.319, 7.199
31, 47.870, 54.996, 65.103
32, 36.944, 66.162, 69.841
33, 7.279, 85.283, 7.197
34, 9.749, 39.315, 63.118
35, 11.058, 34.804, 23.551
36, 79.760, 45.298, 65.606
37, 30.744, 37.358, 35.771
38, 43.956, 27.997, 53.931
39, 39.971, 23.601, 18.388
40, 90.148, 21.059, 26.825
41, 79.732, 82.170, 1.699
42, 98.694, 49.572, 81.392
43, 70.262, 32.040, 98.278
44, 40.874, 31.132, 21.132
45, 14.536, 90.077, 21.540
46, 55.199, 73.325, 62.092
47, 69.637, 26.158, 3.315
48, 35.377, 93.062, 26.060
49, 70.047, 3.212, 31.713
