0, 47.837, 91.641, 54.936
1, 95.508, 20.716, 27.997
2, 17.499, 38.505, 38.915
3, 98.649, 81.555, 70.210
4, 95.458, 88.421, 96.523
5, 59.291, 87.564, 53.086
6, 6.376, 97.142, 27.579
7, 14.840, 23.768, 10.293
8, 36.845, 94.472, 96.526
9, 50.062, 87.298, 84.480
10, 76.447, 42.620, 58.017
11, 39.845, 80.156, 44.429
12, 65.017, 77.211, 74.802
13, 74.443, 60.950, 62.671
14, 0.430, 14.948, 15.708
15, 72.618, 51.955, 82.264
16, 2.850, 67.652, 22.632
17, 90.973, 68.382, 85.781
18, 33.759, 44.082, 51.274
19, 86.818, 81.211, 95.465
20, 38.649, 89.966, 32.039
21, 76.824, 49.405, 84.789
22, 35.078, 70.520, 59.687
23, 18.646, 55.751, 31.980
24, 49.288, 45.050, 80.524
