0, 59.465, 43.500, 19.509
1, 30.741, 80.393, 71.037
2, 76.794, 68.888, 36.313
3, 26.642, 26.876, 10.389
4, 55.996, 55.439, 96.166
5, 45.991, 56.699, 38.227
6, 56.146, 57.137, 45.012
7, 11.014, 6.254, 33.701
8, 51.670, 32.166, 83.699
9, 3.665, 1.806, 78.975
10, 79.496, 91.556, 99.837
11, 80.258, 13.329, 19.689
12, 41.319, 48.095, 79.152
13, 64.482, 52.434, 52.687
14, 69.215, 34.380, 6.245
15, 77.515, 86.365, 43.652
16, 44.120, 68.241, 68.643
17, 1.995, 52.407, 33.804
18, 61.876, 93.454, 10.647
19, 99.630, 7.236, 9.463
20, 60.079, 70.104, 39.511
21, 39.609, 6.565, 21.723
22, 5.230, 39.686, 92.978
23, 27.407, 34.015, 29.451
24, 95.564, 65.996, 21.999
