0, 32.482, 92.326, 97.042
1, 89.265, 7.786, 90.829
2, 14.990, 24.813, 20.786
3, 23.323, 68.626, 81.967
4, 24.156, 20.457, 33.898
5, 36.150, 23.443, 88.962
6, 86.876, 8.504, 69.022
7, 71.653, 88.134, 77.118
8, 61.638, 18.058, 63.681
9, 62.651, 39.591, 84.321
10, 97.941, 74.850, 31.240
11, 33.623, 55.079, 55.860
12, 50.198, 24.061, 24.291
13, 40.553, 16.989, 9.166
14, 46.379, 36.162, 23.645
15, 22.092, 97.772, 77.238
16, 47.215, 34.581, 58.343
17, 9.709, 59.743, 43.966
18, 1.864, 90.260, 27.050
19, 14.302, 54.132, 66.600
20, 35.012, 23.526, 25.013
21, 9.309, 26.437, 7.612
22, 24.998, 87.483, 22.512
23, 84.139, 4.503, 71.552
24, 65.247, 47.756, 27.119
25, 6.045, 81.448, 51.476
26, 42.363, 56.493, 89.578
27, 69.360, 80.440, 43.106
28, 27.238, 57.808, 12.294
29, 35.209, 29.657, 74.046
30, 89.515, 54.927, 56.616
31, 36.677, 74.129, 60.761
32, 83.979, 48.660, 69.825
33, 68.228, 72.752, 91.287
34, 32.120, 44.164, 49.208
35, 10.725, 68.836, 71.639
36, 48.805, 99.890, 61.725
37, 64.578, 40.518, 82.374
38, 30.416, 54.738, 71.754
39, 89.980, 44.318, 31.818
40, 99.371, 84.295, 87.606
41, 0.260, 97.131, 96.007
42, 52.515, 9.713, 37.261
43, 49.641, 4.724, 22.162
44, 59.568, 46.517, 67.739
45, 2.182, 32.780, 98.897
46, 93.176, 16.361, 17.455
47, 92.936, 94.556, 28.359
48, 31.839, 3.688, 21.241
49, 35.703, 76.908, 68.520
