0, 67.871, 25.668, 4.304
1, 98.146, 50.724, 96.385
2, 9.568, 85.645, 68.003
3, 73.454, 51.867, 4.759
4, 85.141, 40.922, 37.855
5, 3.121, 40.913, 17.700
6, 83.070, 87.034, 16.392
7, 19.862, 82.905, 69.990
8, 4.390, 26.854, 8.102
9, 43.196, 82.578, 82.067
10, 35.746, 15.824, 2.576
11, 20.073, 12.947, 31.061
12, 62.958, 89.937, 22.607
13, 9.901, 39.768, 9.579
14, 44.545, 34.157, 69.356
15, 63.694, 11.999, 65.200
16, 97.127, 1.470, 49.884
17, 66.359, 39.951, 84.934
18, 10.612, 36.624, 51.636
19, 29.528, 25.882, 1.528
20, 61.191, 22.805, 58.900
21, 45.919, 73.120, 15.903
22, 55.032, 92.934, 35.210
23, 42.543, 91.994, 90.755
24, 1.088, 61.423, 76.987
