0, 29.427, 32.299, 40.132
1, 41.659, 25.014, 27.286
2, 62.061, 23.100, 45.083
3, 72.492, 73.875, 79.207
4, 32.816, 60.880, 34.179
5, 14.874, 36.999, 68.214
6, 38.418, 16.038, 49.345
7, 56.201, 47.721, 46.597
8, 8.958, 81.690, 59.647
9, 51.359, 73.571, 49.479
10, 14.444, 61.233, 74.773
11, 79.236, 0.348, 56.378
12, 27.892, 40.262, 39.823
13, 74.178, 54.653, 51.705
14, 22.479, 34.344, 72.982
15, 6.697, 72.671, 66.413
16, 75.284, 81.379, 3.220
17, 10.200, 47.886, 36.317
18, 31.723, 62.081, 48.780
19, 51.699, 84.007, 37.234
20, 36.288, 22.392, 98.987
21, 5.235, 52.954, 2.418
22, 81.941, 64.731, 27.850
23, 18.871, 90.502, 39.063
24, 36.314, 84.383, 43.033
