0, 71.783, 73.241, 47.660
1, 45.022, 72.630, 92.099
2, 35.205, 2.145, 52.757
3, 76.082, 95.742, 58.130
4, 41.706, 14.001, 18.637
5, 66.718, 96.644, 23.158
6, 77.007, 51.395, 44.831
7, 4.075, 78.144, 56.222
8, 13.349, 29.689, 27.229
9, 66.145, 42.126, 66.130
10, 53.403, 87.216, 27.256
11, 29.319, 70.524, 67.761
12, 54.351, 9.926, 93.989
13, 98.711, 87.799, 76.204
14, 60.118, 90.648, 42.898
15, 13.220, 74.565, 56.926
16, 7.209, 95.465, 51.302
17, 68.912, 15.301, 23.371
18, 67.749, 94.091, 59.306
19, 37.869, 79.970, 68.356
20, 15.161, 20.674, 82.370
21, 44.781, 6.852, 98.142
22, 29.728, 14.270, 88.664
23, 98.582, 19.006, 77.595
24, 34.279, 79.889, 76.873
