0, 85.990, 20.436, 42.054
1, 9.702, 39.672, 52.103
2, 84.131, 5.472, 54.208
3, 65.646, 63.093, 99.459
4, 31.212, 99.962, 60.481
5, 62.086, 14.554, 80.808
6, 35.321, 19.311, 59.247
7, 54.762, 90.507, 95.133
8, 62.559, 92.686, 79.347
9, 48.791, 88.207, 73.916
10, 69.009, 33.854, 48.573
11, 8.851, 93.569, 7.818
12, 54.059, 7.907, 96.084
13, 51.928, 69.150, 45.499
14, 24.989, 69.764, 28.805
15, 36.653, 43.918, 3.377
16, 77.995, 81.923, 16.864
17, 80.260, 61.778, 58.911
18, 53.821, 59.950, 30.078
19, 89.143, 99.305, 77.768
20, 92.143, 60.713, 44.545
21, 65.690, 50.606, 45.011
22, 4.160, 50.012, 6.521
23, 83.297, 31.749, 31.412
24, 8.748, 45.273, 24.524
