0, 33.859, 77.258, 0, 80
1, 28.411, 76.812, 4, 80
2, 70.068, 52.843, 0, 80
3, 9.545, 37.648, 0, 80
4, 61.255, 11.843, 0, 80
5, 17.371, 76.167, 8, 80
6, 57.265, 29.187, 4, 80
7, 86.822, 42.286, 4, 80
8, 62.241, 37.771, 8, 80
9, 60.585, 99.399, 0, 80
10, 22.192, 44.063, 4, 80
11, 28.574, 58.994, 12, 80
12, 87.616, 49.224, 8, 80
13, 41.658, 43.933, 0, 80
14, 96.912, 24.140, 0, 80
15, 91.198, 74.812, 0, 80
16, 1.744, 37.222, 8, 80
17, 50.880, 97.069, 4, 80
18, 68.354, 26.877, 12, 80
19, 16.176, 27.648, 12, 80
