0, 33.859, 77.258, 0, 160
1, 28.411, 76.812, 8, 80
2, 70.068, 52.843, 12, 80
3, 9.545, 37.648, 12, 80
4, 61.255, 11.843, 0, 160
5, 17.371, 76.167, 12, 80
6, 57.265, 29.187, 0, 160
7, 86.822, 42.286, 8, 80
8, 62.241, 37.771, 8, 80
9, 60.585, 99.399, 0, 160
10, 22.192, 44.063, 8, 80
11, 28.574, 58.994, 0, 160
12, 87.616, 49.224, 0, 160
13, 41.658, 43.933, 0, 160
14, 96.912, 24.140, 0, 160
15, 91.198, 74.812, 0, 160
16, 1.744, 37.222, 0, 160
17, 50.880, 97.069, 8, 80
18, 68.354, 26.877, 0, 160
19, 16.176, 27.648, 8, 80
