0, 88.515, 50.628, 0, 160
1, 53.635, 90.759, 0, 160
2, 71.871, 62.311, 8, 80
3, 54.444, 19.734, 0, 160
4, 35.943, 79.074, 8, 80
5, 57.281, 90.672, 12, 80
6, 16.260, 92.417, 0, 160
7, 22.020, 40.889, 0, 160
8, 61.000, 36.562, 8, 80
9, 70.479, 66.083, 12, 80
10, 6.818, 4.220, 0, 160
11, 34.702, 7.658, 8, 80
12, 22.747, 0.854, 12, 80
13, 59.988, 97.416, 8, 80
14, 70.192, 52.628, 16, 80
15, 35.337, 76.693, 16, 80
16, 62.461, 20.739, 12, 80
17, 32.567, 97.332, 20, 80
18, 99.545, 2.381, 0, 160
19, 42.851, 1.280, 16, 80
