0, 88.515, 50.628, 8, 160
1, 53.635, 90.759, 0, 40
2, 71.871, 62.311, 4, 80
3, 54.444, 19.734, 8, 160
4, 35.943, 79.074, 16, 80
5, 57.281, 90.672, 2, 40
6, 16.260, 92.417, 8, 160
7, 22.020, 40.889, 0, 40
8, 61.000, 36.562, 0, 40
9, 70.479, 66.083, 8, 160
10, 6.818, 4.220, 8, 160
11, 34.702, 7.658, 16, 80
12, 22.747, 0.854, 0, 40
13, 59.988, 97.416, 8, 160
14, 70.192, 52.628, 16, 80
15, 35.337, 76.693, 8, 160
16, 62.461, 20.739, 2, 40
17, 32.567, 97.332, 4, 80
18, 99.545, 2.381, 8, 160
19, 42.851, 1.280, 4, 80
