0, 172.672, 479.845, 0, 20
1, 35.259, 289.544, 1, 20
2, 484.869, 110.391, 2, 20
3, 132.715, 185.325, 3, 20
4, 318.536, 27.645, 4, 20
5, 263.200, 481.459, 5, 20
6, 449.814, 123.338, 6, 20
7, 255.351, 469.576, 7, 20
8, 56.712, 142.377, 8, 20
9, 34.266, 286.231, 9, 20
10, 373.443, 307.156, 10, 20
11, 65.120, 496.447, 11, 20
12, 183.510, 74.589, 12, 20
13, 463.099, 133.288, 13, 20
14, 464.547, 496.386, 14, 20
15, 315.587, 145.603, 15, 20
16, 328.265, 50.789, 16, 20
17, 72.110, 464.267, 17, 20
18, 340.211, 263.635, 18, 20
19, 402.745, 480.996, 19, 20
