0, 172.672, 479.845, 10, 20
1, 35.259, 289.544, 11, 20
2, 484.869, 110.391, 6, 20
3, 132.715, 185.325, 0, 0
4, 318.536, 27.645, 5, 20
5, 263.200, 481.459, 0, 0
6, 449.814, 123.338, 1, 20
7, 255.351, 469.576, 9, 20
8, 56.712, 142.377, 13, 40
9, 34.266, 286.231, 16, 40
10, 373.443, 307.156, 7, 20
11, 65.120, 496.447, 0, 0
12, 183.510, 74.589, 12, 20
13, 463.099, 133.288, 0, 0
14, 464.547, 496.386, 2, 20
15, 315.587, 145.603, 3, 20
16, 328.265, 50.789, 0, 0
17, 72.110, 464.267, 14, 40
18, 340.211, 263.635, 4, 20
19, 402.745, 480.996, 8, 20
