0, 62.070, 81.906, 86.827
1, 84.204, 52.488, 21.484
2, 26.231, 16.695, 12.830
3, 28.400, 17.116, 55.773
4, 45.805, 73.080, 97.970
5, 22.124, 30.298, 99.648
6, 51.001, 92.543, 4.686
7, 79.845, 70.777, 23.530
8, 76.390, 43.440, 64.372
9, 12.174, 54.716, 24.623
10, 10.684, 65.941, 35.855
11, 98.976, 25.900, 1.251
12, 31.452, 12.590, 28.682
13, 34.172, 30.012, 23.306
14, 20.067, 63.181, 47.958
15, 38.915, 8.477, 81.817
16, 98.100, 47.825, 35.685
17, 42.339, 75.940, 18.622
18, 34.791, 78.339, 26.318
19, 9.880, 54.496, 18.065
20, 66.280, 27.221, 3.318
21, 30.558, 35.971, 55.761
22, 28.046, 32.737, 35.602
23, 56.405, 37.694, 38.096
24, 97.370, 72.641, 23.324
25, 23.047, 95.926, 59.180
26, 45.185, 23.455, 83.547
27, 49.889, 52.032, 64.597
28, 41.686, 60.582, 71.407
29, 92.517, 13.407, 42.592
30, 29.240, 58.840, 2.103
31, 12.798, 91.712, 25.402
32, 68.173, 42.755, 85.112
33, 22.939, 54.899, 16.399
34, 25.574, 84.612, 49.910
35, 94.351, 96.519, 26.721
36, 60.862, 23.825, 11.842
37, 5.068, 36.405, 20.488
38, 40.467, 41.195, 75.540
39, 60.473, 5.759, 52.771
40, 74.407, 0.990, 38.024
41, 53.902, 11.342, 41.816
42, 31.329, 51.701, 98.458
43, 82.542, 88.637, 72.196
44, 79.198, 74.391, 42.403
45, 10.295, 6.963, 34.488
46, 39.093, 74.232, 33.941
47, 37.800, 87.059, 87.206
48, 82.599, 21.891, 51.401
49, 79.341, 24.413, 65.666
