0, 79.109, 22.327, 65.014
1, 72.041, 69.072, 53.744
2, 98.032, 34.852, 47.196
3, 91.124, 20.996, 51.396
4, 81.222, 46.166, 23.861
5, 73.809, 22.558, 97.250
6, 88.664, 9.407, 52.036
7, 23.988, 65.792, 98.374
8, 76.056, 33.459, 54.559
9, 99.902, 39.609, 44.031
10, 94.301, 3.698, 11.293
11, 99.740, 75.150, 74.214
12, 85.950, 32.218, 32.675
13, 23.465, 80.652, 52.172
14, 51.656, 54.899, 23.412
15, 35.766, 28.379, 17.056
16, 10.843, 38.328, 8.250
17, 28.305, 16.769, 61.332
18, 99.848, 61.454, 88.023
19, 3.031, 15.156, 54.407
20, 37.553, 57.462, 44.070
21, 5.766, 77.689, 33.463
22, 43.791, 14.979, 53.063
23, 28.758, 70.050, 3.714
24, 77.838, 25.132, 93.721
