0, 39.142, 13.143, 84.258
1, 16.339, 69.215, 87.167
2, 97.098, 54.592, 7.879
3, 68.032, 86.992, 69.966
4, 2.810, 15.858, 67.353
5, 12.373, 79.386, 50.608
6, 6.298, 10.123, 61.168
7, 89.565, 4.575, 25.217
8, 39.991, 26.492, 79.337
9, 29.625, 16.478, 3.485
10, 7.057, 92.852, 83.215
11, 65.718, 15.072, 80.721
12, 83.588, 95.625, 92.829
13, 67.603, 80.102, 67.918
14, 69.551, 73.795, 18.364
15, 36.812, 27.504, 22.839
16, 28.750, 58.349, 19.749
17, 64.690, 93.476, 56.467
18, 23.699, 55.694, 67.445
19, 27.353, 17.793, 20.753
20, 39.509, 33.803, 42.672
21, 33.936, 71.553, 44.071
22, 77.734, 69.585, 7.021
23, 14.478, 60.154, 6.808
24, 38.103, 15.408, 79.166
