0, 68.391, 45.192, 30.851
1, 14.247, 4.205, 31.651
2, 82.068, 23.144, 93.084
3, 60.078, 68.446, 60.966
4, 95.835, 86.711, 23.908
5, 19.987, 49.838, 72.489
6, 71.846, 92.961, 26.732
7, 37.114, 52.430, 97.412
8, 34.259, 56.786, 33.806
9, 55.081, 21.177, 56.917
10, 5.699, 91.943, 93.848
11, 76.115, 58.871, 38.929
12, 25.918, 90.797, 67.689
13, 18.956, 36.842, 25.972
14, 59.823, 92.775, 72.586
15, 12.861, 44.799, 57.191
16, 64.114, 72.173, 73.907
17, 88.145, 71.781, 5.328
18, 61.908, 5.090, 5.282
19, 59.506, 80.090, 28.657
20, 70.688, 12.905, 5.414
21, 58.146, 26.220, 64.797
22, 37.672, 43.750, 56.915
23, 37.906, 96.302, 26.316
24, 16.691, 90.195, 42.998
25, 81.310, 70.852, 11.074
26, 56.465, 72.513, 51.568
27, 89.074, 53.941, 2.611
28, 92.633, 26.619, 96.680
29, 1.091, 82.038, 29.161
30, 14.266, 83.638, 83.701
31, 32.993, 96.940, 22.516
32, 95.742, 52.943, 91.928
33, 84.431, 35.797, 76.204
34, 76.788, 88.137, 92.503
35, 26.153, 94.517, 95.435
36, 44.561, 29.047, 90.310
37, 71.040, 71.425, 53.061
38, 82.906, 85.549, 87.143
39, 1.157, 44.350, 88.882
40, 56.541, 94.595, 92.178
41, 8.921, 66.459, 14.242
42, 7.496, 84.462, 53.537
43, 89.698, 18.896, 48.083
44, 53.204, 50.400, 22.687
45, 90.864, 66.998, 52.327
46, 51.613, 3.374, 39.660
47, 65.346, 54.640, 65.404
48, 34.734, 98.183, 94.358
49, 43.822, 78.769, 8.219
