0, 39.767, 51.844, 40.934
1, 86.113, 36.598, 55.716
2, 8.647, 85.675, 1.831
3, 71.876, 20.647, 34.933
4, 83.641, 59.240, 32.266
5, 99.898, 13.360, 85.385
6, 79.045, 52.096, 15.615
7, 76.613, 13.961, 12.380
8, 40.751, 25.010, 66.966
9, 98.411, 85.391, 28.637
10, 97.860, 10.921, 69.105
11, 70.649, 6.496, 82.168
12, 60.520, 24.861, 51.847
13, 49.886, 7.732, 7.713
14, 7.420, 68.267, 80.448
15, 94.223, 94.573, 74.656
16, 42.643, 93.488, 92.488
17, 38.346, 83.394, 54.307
18, 38.092, 0.233, 53.734
19, 92.315, 21.207, 8.072
20, 66.858, 72.650, 35.932
21, 60.453, 84.273, 79.879
22, 76.554, 54.268, 52.600
23, 77.607, 21.684, 75.702
24, 79.276, 39.286, 61.488
