0, 66.841, 25.141, 55.371
1, 45.883, 29.195, 26.347
2, 56.294, 23.998, 77.506
3, 12.193, 75.001, 32.918
4, 97.170, 0.908, 78.366
5, 91.640, 46.306, 64.743
6, 17.132, 98.685, 80.397
7, 13.915, 57.136, 79.091
8, 25.744, 37.487, 80.572
9, 35.790, 30.444, 48.249
10, 50.489, 9.457, 64.941
11, 40.288, 58.583, 49.862
12, 9.165, 88.527, 82.930
13, 37.966, 47.564, 6.081
14, 24.933, 50.600, 18.939
15, 44.167, 46.699, 15.908
16, 49.456, 88.073, 32.280
17, 5.183, 67.635, 99.774
18, 0.302, 7.883, 77.270
19, 68.960, 83.025, 80.572
20, 40.435, 43.716, 67.937
21, 96.169, 55.131, 82.665
22, 51.908, 48.706, 27.737
23, 24.489, 34.628, 29.397
24, 1.708, 92.553, 41.346
25, 80.456, 77.490, 25.717
26, 45.252, 92.998, 16.374
27, 41.445, 97.584, 50.181
28, 77.785, 74.944, 15.271
29, 53.287, 24.494, 69.186
30, 46.001, 38.487, 21.541
31, 7.771, 95.441, 37.470
32, 95.140, 80.854, 82.873
33, 5.518, 58.217, 44.294
34, 76.057, 63.743, 88.807
35, 93.146, 53.144, 42.761
36, 86.378, 34.373, 72.965
37, 31.145, 33.450, 75.114
38, 49.265, 30.628, 96.530
39, 51.555, 42.718, 55.836
40, 0.025, 9.966, 61.248
41, 66.933, 51.227, 65.429
42, 49.950, 63.668, 26.974
43, 89.910, 53.850, 6.988
44, 20.387, 31.502, 35.521
45, 80.560, 77.581, 4.453
46, 98.389, 92.522, 96.470
47, 57.375, 36.841, 91.243
48, 87.556, 54.329, 67.102
49, 72.082, 20.691, 53.377
