0, 75.669, 58.226, 25.002
1, 21.036, 66.403, 21.200
2, 38.674, 22.055, 85.210
3, 87.147, 49.935, 65.651
4, 71.991, 78.516, 52.948
5, 71.309, 62.185, 59.633
6, 58.295, 14.249, 60.445
7, 32.468, 66.954, 97.546
8, 53.975, 53.933, 95.579
9, 56.847, 6.839, 28.923
10, 52.098, 85.517, 8.613
11, 84.245, 66.370, 33.343
12, 20.141, 87.144, 59.357
13, 22.566, 94.655, 54.688
14, 47.948, 49.203, 83.789
15, 9.430, 63.841, 44.829
16, 52.163, 71.650, 35.604
17, 47.161, 54.953, 77.189
18, 62.478, 49.515, 29.183
19, 27.936, 67.951, 91.212
20, 73.539, 69.092, 96.526
21, 5.305, 27.004, 23.943
22, 12.212, 26.474, 81.945
23, 5.863, 40.298, 54.051
24, 1.450, 19.913, 33.628
