0, 22.586, 68.156, 80.184
1, 87.751, 56.149, 75.756
2, 63.156, 31.604, 3.583
3, 28.397, 92.087, 53.721
4, 27.744, 18.521, 54.291
5, 27.040, 16.535, 6.324
6, 36.279, 44.594, 80.456
7, 24.403, 94.658, 4.705
8, 32.879, 42.315, 17.111
9, 76.185, 77.268, 58.707
10, 77.302, 4.491, 76.031
11, 50.154, 39.183, 97.606
12, 24.520, 99.221, 80.519
13, 8.124, 40.778, 43.135
14, 68.182, 64.963, 8.768
15, 3.924, 6.283, 32.611
16, 27.335, 37.601, 57.368
17, 7.349, 78.815, 26.177
18, 36.379, 81.099, 15.617
19, 81.448, 22.016, 11.316
20, 26.046, 0.749, 83.710
21, 17.895, 49.406, 23.448
22, 72.802, 26.658, 59.782
23, 49.049, 42.427, 8.779
24, 85.796, 3.654, 57.529
25, 52.820, 10.484, 75.731
26, 61.563, 57.190, 12.930
27, 90.338, 79.726, 79.772
28, 41.575, 83.280, 3.953
29, 58.672, 77.200, 97.851
30, 76.881, 83.988, 24.670
31, 33.342, 97.598, 88.267
32, 44.308, 64.584, 9.637
33, 53.391, 24.572, 13.130
34, 59.591, 84.555, 35.036
35, 39.785, 26.781, 2.346
36, 2.217, 47.086, 4.527
37, 16.884, 15.885, 29.459
38, 78.306, 76.352, 2.610
39, 8.534, 36.326, 42.787
40, 62.277, 53.946, 54.591
41, 13.983, 53.992, 92.761
42, 53.866, 28.421, 98.418
43, 98.872, 0.207, 79.071
44, 78.718, 37.394, 99.052
45, 66.478, 66.928, 76.910
46, 58.650, 87.060, 92.901
47, 75.404, 78.084, 96.382
48, 97.130, 29.036, 74.107
49, 99.436, 68.952, 67.663
