0, 96.909, 87.731, 66.814
1, 10.995, 84.548, 14.124
2, 55.340, 29.325, 90.581
3, 54.011, 13.125, 59.564
4, 41.222, 87.020, 39.706
5, 63.601, 48.640, 93.597
6, 37.686, 47.373, 18.608
7, 76.803, 58.506, 52.674
8, 91.055, 65.366, 38.323
9, 84.054, 0.091, 39.679
10, 30.721, 85.721, 38.327
11, 34.383, 12.616, 21.886
12, 34.357, 15.077, 93.274
13, 98.434, 31.852, 39.908
14, 51.012, 84.646, 85.993
15, 91.310, 34.186, 90.033
16, 7.264, 98.386, 44.752
17, 19.535, 20.028, 25.966
18, 6.441, 64.272, 83.411
19, 5.870, 2.155, 21.965
20, 77.969, 38.399, 63.771
21, 87.873, 16.811, 24.334
22, 84.207, 37.063, 69.913
23, 21.061, 97.287, 93.444
24, 44.631, 42.735, 18.768
25, 13.255, 45.409, 19.904
26, 67.899, 30.280, 67.877
27, 69.776, 46.046, 66.178
28, 90.183, 13.269, 43.212
29, 98.305, 68.323, 9.852
30, 27.937, 18.263, 16.310
31, 73.571, 53.498, 83.626
32, 99.463, 80.609, 5.412
33, 75.730, 88.397, 84.153
34, 31.014, 62.156, 54.382
35, 58.926, 65.765, 40.847
36, 86.159, 78.396, 33.634
37, 63.055, 25.251, 76.097
38, 34.357, 45.690, 89.953
39, 85.387, 11.878, 28.207
40, 41.413, 61.008, 1.891
41, 86.094, 89.944, 13.384
42, 17.757, 85.893, 85.804
43, 16.781, 79.386, 22.458
44, 25.056, 21.538, 3.051
45, 73.872, 78.341, 17.260
46, 94.842, 35.016, 68.916
47, 25.441, 73.937, 73.155
48, 17.860, 87.281, 48.774
49, 32.829, 44.754, 7.963
