0, 20.869, 29.568, 8.710
1, 82.868, 76.452, 67.138
2, 44.392, 35.327, 24.755
3, 17.559, 53.400, 30.101
4, 36.843, 65.412, 19.095
5, 33.845, 25.309, 75.862
6, 62.022, 95.690, 61.910
7, 96.685, 73.071, 54.088
8, 22.832, 57.149, 78.840
9, 93.704, 19.817, 82.251
10, 13.360, 81.737, 24.695
11, 9.990, 66.806, 4.192
12, 99.534, 19.284, 62.951
13, 18.687, 64.671, 16.224
14, 73.187, 33.390, 29.264
15, 91.787, 80.752, 18.773
16, 62.105, 66.640, 53.077
17, 80.710, 38.856, 46.846
18, 52.790, 27.642, 3.570
19, 70.576, 41.979, 76.268
20, 34.091, 49.148, 2.467
21, 40.146, 71.064, 66.953
22, 66.131, 76.185, 11.349
23, 47.696, 79.397, 79.952
24, 68.928, 17.823, 91.889
