0, 62.130, 41.526, 94.737
1, 2.682, 50.364, 72.301
2, 16.161, 69.190, 98.422
3, 43.504, 78.871, 17.614
4, 19.374, 62.335, 62.573
5, 82.166, 85.300, 43.938
6, 31.422, 86.319, 48.647
7, 45.139, 45.057, 93.207
8, 18.055, 47.741, 13.390
9, 91.910, 3.292, 19.261
10, 29.463, 32.964, 6.099
11, 19.830, 78.801, 25.636
12, 92.664, 28.947, 7.123
13, 31.190, 22.055, 97.961
14, 24.903, 53.312, 25.325
15, 53.091, 43.590, 81.586
16, 19.851, 70.235, 9.959
17, 22.279, 30.526, 19.933
18, 52.366, 23.612, 62.374
19, 85.569, 63.259, 63.822
20, 47.982, 46.923, 54.296
21, 94.028, 65.581, 77.939
22, 53.882, 43.191, 99.439
23, 86.830, 11.332, 65.486
24, 56.151, 4.389, 91.194
25, 98.698, 31.418, 26.671
26, 90.101, 20.584, 5.237
27, 25.885, 61.441, 44.227
28, 65.876, 67.070, 87.796
29, 48.467, 58.257, 26.031
30, 69.693, 57.287, 20.842
31, 18.766, 67.514, 85.576
32, 21.474, 26.705, 45.537
33, 17.367, 73.617, 2.850
34, 91.079, 20.888, 78.670
35, 97.429, 67.411, 82.409
36, 69.907, 39.250, 28.109
37, 90.658, 9.869, 15.880
38, 27.768, 4.155, 31.332
39, 88.934, 77.689, 26.226
40, 33.662, 77.330, 71.575
41, 88.952, 35.504, 13.901
42, 33.469, 45.859, 18.027
43, 34.781, 76.770, 50.607
44, 70.454, 2.483, 86.807
45, 0.685, 46.625, 14.620
46, 51.227, 37.256, 50.058
47, 63.055, 41.801, 6.000
48, 78.898, 35.944, 26.000
49, 17.508, 39.307, 42.775
