0, 72.306, 0.528, 25.132
1, 37.066, 81.190, 52.693
2, 70.714, 67.440, 51.490
3, 64.871, 66.765, 22.750
4, 48.957, 29.349, 39.238
5, 45.810, 9.055, 38.145
6, 49.803, 40.970, 11.661
7, 25.557, 52.275, 98.831
8, 35.018, 25.065, 95.051
9, 50.639, 92.997, 30.412
10, 41.671, 42.297, 76.978
11, 32.770, 42.067, 95.042
12, 76.255, 37.416, 62.963
13, 90.040, 50.233, 48.657
14, 36.167, 67.901, 10.751
15, 76.977, 66.924, 49.953
16, 24.071, 24.372, 96.326
17, 20.397, 40.152, 79.110
18, 98.697, 65.763, 84.135
19, 48.245, 53.055, 93.483
20, 94.981, 89.861, 42.040
21, 86.735, 90.179, 73.143
22, 0.458, 86.183, 90.855
23, 49.677, 89.026, 28.895
24, 21.895, 74.244, 99.125
25, 74.607, 83.974, 82.403
26, 51.129, 40.824, 43.441
27, 64.738, 83.003, 31.349
28, 7.566, 69.568, 15.141
29, 71.914, 38.260, 97.926
30, 29.570, 41.274, 40.978
31, 47.795, 50.316, 76.339
32, 2.170, 84.050, 59.939
33, 15.525, 7.195, 32.112
34, 23.239, 40.524, 7.250
35, 44.824, 89.248, 52.399
36, 23.283, 61.954, 91.617
37, 98.795, 1.136, 37.468
38, 66.360, 5.681, 61.271
39, 10.262, 88.161, 70.531
40, 70.606, 8.553, 81.244
41, 81.545, 19.232, 19.322
42, 79.264, 81.978, 80.963
43, 28.981, 96.720, 9.938
44, 8.993, 73.668, 34.777
45, 9.032, 44.762, 26.683
46, 6.919, 90.398, 7.435
47, 2.855, 17.664, 9.701
48, 85.266, 50.676, 85.013
49, 16.891, 29.223, 16.676
