0, 4.900, 62.546, 30.129
1, 6.179, 91.454, 73.192
2, 14.998, 47.656, 23.259
3, 20.000, 86.589, 66.444
4, 79.859, 35.056, 36.694
5, 58.682, 61.245, 66.049
6, 58.765, 56.344, 68.782
7, 6.642, 73.229, 23.744
8, 62.354, 1.871, 88.138
9, 69.217, 44.666, 98.184
10, 96.188, 19.910, 65.841
11, 59.291, 91.471, 75.167
12, 76.445, 11.384, 92.781
13, 53.816, 85.689, 69.767
14, 27.872, 73.675, 5.880
15, 5.409, 15.736, 68.334
16, 17.366, 86.745, 12.207
17, 57.182, 97.562, 14.298
18, 56.194, 1.091, 26.672
19, 61.256, 3.563, 59.688
20, 11.320, 53.559, 44.082
21, 62.149, 92.647, 83.029
22, 87.646, 98.560, 23.322
23, 74.766, 84.377, 29.240
24, 85.569, 33.394, 36.153
25, 22.588, 5.343, 24.680
26, 55.742, 46.381, 23.286
27, 59.080, 11.668, 58.786
28, 69.080, 53.228, 64.413
29, 4.084, 97.459, 49.665
30, 83.288, 72.397, 33.694
31, 86.515, 72.786, 86.358
32, 39.917, 24.986, 33.523
33, 95.621, 17.977, 31.684
34, 74.555, 38.085, 28.417
35, 93.647, 39.156, 18.262
36, 21.264, 57.933, 32.295
37, 14.308, 58.381, 94.296
38, 30.948, 17.101, 4.737
39, 76.498, 90.405, 70.623
40, 20.980, 7.093, 48.525
41, 87.937, 57.736, 67.939
42, 49.646, 16.556, 81.795
43, 77.627, 60.167, 60.636
44, 30.291, 4.360, 41.489
45, 80.481, 99.688, 19.912
46, 77.824, 22.212, 33.973
47, 86.773, 27.174, 95.147
48, 44.410, 31.993, 92.988
49, 66.744, 83.306, 85.850
