0, 76.369, 18.381, 81.801
1, 24.905, 16.057, 61.482
2, 91.618, 13.059, 10.494
3, 99.132, 57.088, 85.864
4, 35.673, 98.332, 88.252
5, 69.988, 50.619, 46.375
6, 26.830, 83.987, 45.839
7, 97.489, 34.099, 32.106
8, 44.619, 51.064, 29.769
9, 99.058, 51.075, 66.939
10, 57.746, 9.146, 40.814
11, 92.967, 2.293, 14.837
12, 44.792, 13.867, 43.291
13, 92.010, 74.913, 60.137
14, 87.333, 34.881, 83.824
15, 63.154, 44.919, 85.987
16, 44.433, 57.102, 4.465
17, 37.445, 3.280, 92.754
18, 88.522, 74.645, 84.627
19, 89.177, 70.768, 53.577
20, 35.952, 32.949, 51.007
21, 68.711, 88.993, 86.698
22, 35.551, 32.364, 57.981
23, 5.403, 94.254, 83.392
24, 30.634, 37.638, 84.835
25, 62.892, 56.622, 4.006
26, 82.533, 62.870, 8.395
27, 2.381, 72.000, 22.240
28, 88.135, 9.709, 42.321
29, 12.046, 82.426, 65.334
30, 38.045, 65.118, 19.312
31, 13.492, 28.473, 86.714
32, 55.153, 31.456, 37.828
33, 0.428, 53.677, 43.711
34, 15.770, 22.615, 40.845
35, 64.322, 13.106, 22.305
36, 97.477, 7.261, 98.572
37, 11.715, 65.798, 58.073
38, 8.773, 48.498, 72.948
39, 68.945, 82.603, 49.817
40, 75.343, 59.107, 40.996
41, 28.168, 35.304, 5.883
42, 85.376, 92.967, 36.634
43, 49.190, 92.627, 58.540
44, 37.957, 92.017, 16.347
45, 17.601, 36.617, 79.393
46, 49.299, 90.538, 99.075
47, 48.543, 9.204, 93.387
48, 26.552, 40.390, 60.384
49, 9.716, 99.076, 88.410
