0, 78.088, 64.313, 6.955
1, 41.889, 53.453, 39.425
2, 27.596, 67.493, 29.971
3, 39.004, 85.882, 71.276
4, 58.634, 3.114, 27.734
5, 32.498, 26.129, 69.287
6, 39.941, 34.019, 6.041
7, 43.772, 15.619, 62.570
8, 66.133, 95.721, 43.725
9, 50.421, 66.750, 43.687
10, 83.741, 52.206, 5.035
11, 1.162, 49.428, 90.932
12, 25.099, 5.488, 56.209
13, 45.085, 88.418, 73.403
14, 72.392, 94.992, 60.493
15, 75.943, 92.942, 74.723
16, 52.349, 90.748, 19.297
17, 34.044, 99.593, 95.036
18, 40.417, 65.208, 63.735
19, 23.497, 70.191, 48.227
20, 3.476, 46.475, 54.254
21, 54.729, 96.386, 16.350
22, 92.405, 48.639, 47.052
23, 45.037, 25.117, 50.219
24, 35.254, 55.256, 45.283
