0, 30.788, 22.555, 27.736
1, 34.657, 97.736, 50.616
2, 2.284, 79.692, 90.136
3, 50.621, 63.041, 8.404
4, 0.207, 6.760, 73.261
5, 91.958, 70.953, 35.063
6, 42.125, 17.508, 22.229
7, 0.464, 46.914, 70.888
8, 5.444, 23.604, 47.359
9, 20.832, 80.995, 70.493
10, 84.442, 64.664, 36.843
11, 74.612, 84.728, 26.440
12, 53.491, 59.693, 20.027
13, 82.157, 74.774, 17.149
14, 91.573, 47.288, 34.314
15, 47.007, 44.623, 39.844
16, 88.442, 97.045, 57.241
17, 78.787, 80.874, 70.099
18, 63.779, 79.928, 18.168
19, 8.216, 94.284, 17.276
20, 3.729, 39.630, 1.399
21, 68.525, 26.722, 5.168
22, 57.264, 60.009, 10.219
23, 67.542, 85.008, 64.986
24, 49.321, 45.878, 93.466
25, 97.145, 54.060, 75.487
26, 12.998, 36.243, 69.942
27, 90.298, 8.409, 67.170
28, 60.946, 4.518, 86.762
29, 61.695, 99.406, 58.332
30, 74.448, 19.519, 22.062
31, 66.870, 64.946, 8.236
32, 0.070, 8.340, 75.144
33, 23.573, 92.280, 78.601
34, 26.629, 1.369, 45.326
35, 65.651, 85.015, 79.465
36, 27.592, 55.584, 33.648
37, 72.412, 83.684, 35.561
38, 47.233, 8.400, 91.906
39, 16.847, 85.130, 70.116
40, 78.655, 65.937, 80.594
41, 54.776, 74.564, 98.795
42, 15.519, 80.215, 40.249
43, 65.315, 32.017, 27.453
44, 57.829, 65.812, 61.349
45, 55.813, 2.248, 46.526
46, 84.390, 7.696, 78.913
47, 88.411, 11.539, 37.216
48, 96.927, 79.594, 53.378
49, 46.007, 20.439, 66.911
