0, 38.723, 43.130, 47.643
1, 55.894, 94.212, 5.300
2, 46.642, 46.825, 48.184
3, 43.810, 0.804, 37.597
4, 53.223, 15.544, 25.061
5, 79.716, 20.693, 20.686
6, 41.029, 77.901, 39.353
7, 59.639, 66.067, 72.560
8, 15.464, 60.999, 66.227
9, 41.161, 62.505, 93.319
10, 11.131, 57.776, 10.032
11, 65.137, 19.587, 90.509
12, 80.600, 78.162, 3.902
13, 49.716, 66.470, 50.384
14, 15.824, 77.771, 14.125
15, 97.090, 27.680, 5.276
16, 10.467, 90.090, 66.865
17, 1.286, 42.313, 56.901
18, 6.753, 24.270, 31.448
19, 72.097, 86.406, 93.449
20, 30.385, 40.434, 42.462
21, 3.322, 55.890, 93.940
22, 95.156, 79.046, 35.649
23, 54.320, 74.043, 73.617
24, 66.292, 39.277, 34.269
25, 22.210, 48.704, 95.814
26, 63.404, 96.771, 43.017
27, 98.790, 34.745, 44.611
28, 60.322, 18.171, 91.169
29, 89.216, 73.603, 66.946
30, 78.435, 9.525, 80.488
31, 6.583, 44.768, 79.711
32, 62.684, 70.332, 76.616
33, 21.659, 45.509, 31.561
34, 63.490, 8.674, 37.260
35, 70.575, 52.256, 60.506
36, 15.721, 32.933, 37.035
37, 83.615, 75.520, 59.298
38, 11.032, 40.957, 76.672
39, 80.912, 22.085, 64.912
40, 81.769, 72.277, 50.813
41, 76.205, 82.441, 5.374
42, 55.156, 43.620, 46.851
43, 82.633, 26.588, 2.151
44, 68.752, 87.720, 5.200
45, 79.527, 82.283, 95.694
46, 72.391, 38.918, 21.771
47, 74.750, 18.019, 65.542
48, 59.699, 70.803, 69.223
49, 87.714, 45.320, 3.492
