0, 0.763, 91.009, 76.039
1, 41.978, 54.313, 88.745
2, 51.128, 48.197, 76.332
3, 65.424, 27.716, 37.604
4, 43.211, 52.967, 95.475
5, 88.990, 17.024, 49.616
6, 36.448, 59.432, 21.068
7, 58.509, 73.901, 31.571
8, 61.820, 36.860, 58.184
9, 60.981, 60.586, 46.076
10, 98.816, 73.906, 16.982
11, 28.908, 36.853, 94.709
12, 28.288, 47.383, 98.324
13, 3.268, 61.116, 78.510
14, 10.549, 38.210, 82.926
15, 60.170, 50.444, 30.334
16, 28.596, 7.525, 87.265
17, 28.069, 75.254, 30.295
18, 90.681, 29.817, 84.655
19, 33.289, 54.437, 59.096
20, 56.979, 69.587, 70.965
21, 65.625, 75.888, 69.618
22, 92.769, 63.946, 72.229
23, 64.180, 62.979, 83.440
24, 37.932, 28.790, 95.489
