0, 14.098, 15.529, 35.809
1, 41.624, 40.395, 73.334
2, 45.252, 90.964, 52.940
3, 42.083, 26.126, 23.516
4, 78.938, 79.510, 12.999
5, 51.484, 6.378, 90.279
6, 89.497, 49.673, 85.814
7, 90.423, 32.257, 15.596
8, 7.467, 37.310, 16.079
9, 12.172, 22.338, 8.824
10, 68.496, 94.985, 85.958
11, 4.255, 51.760, 24.106
12, 8.566, 75.202, 75.354
13, 48.272, 66.479, 73.581
14, 60.438, 78.377, 67.855
15, 27.469, 25.141, 23.830
16, 24.559, 35.011, 30.412
17, 22.995, 85.903, 93.596
18, 54.147, 78.920, 70.190
19, 27.659, 66.653, 79.802
20, 24.959, 19.104, 43.082
21, 34.486, 55.202, 40.698
22, 72.663, 19.106, 36.640
23, 13.047, 10.225, 44.471
24, 33.060, 31.375, 75.324
25, 34.004, 81.577, 19.685
26, 49.608, 15.856, 89.427
27, 86.968, 56.046, 35.529
28, 68.519, 85.583, 23.205
29, 68.947, 91.365, 92.545
30, 15.532, 75.774, 34.704
31, 17.373, 2.868, 93.065
32, 66.078, 43.205, 1.463
33, 39.190, 51.014, 91.885
34, 19.198, 70.299, 99.524
35, 41.730, 34.122, 93.481
36, 55.710, 50.316, 32.478
37, 60.524, 97.839, 68.479
38, 75.694, 71.695, 21.385
39, 48.043, 61.280, 35.031
40, 65.169, 67.951, 11.962
41, 1.348, 65.739, 54.817
42, 59.551, 77.482, 12.704
43, 24.218, 5.293, 2.611
44, 37.377, 90.010, 41.828
45, 62.079, 95.472, 96.913
46, 39.600, 74.493, 8.902
47, 41.641, 98.802, 8.713
48, 93.813, 78.355, 40.598
49, 74.899, 94.593, 35.172
