0, 29.839, 30.516, 72.891
1, 85.769, 57.270, 70.280
2, 36.474, 7.090, 89.878
3, 45.873, 59.395, 67.662
4, 27.186, 38.604, 66.439
5, 20.113, 0.961, 35.545
6, 69.191, 75.787, 35.085
7, 62.036, 30.007, 84.734
8, 62.844, 15.025, 2.272
9, 1.923, 74.808, 55.509
10, 9.809, 59.032, 75.580
11, 65.428, 87.754, 50.540
12, 47.573, 91.863, 88.830
13, 76.454, 69.408, 6.473
14, 67.829, 54.275, 86.120
15, 29.652, 71.129, 2.143
16, 99.711, 54.670, 35.861
17, 48.911, 26.977, 69.795
18, 9.321, 72.736, 25.930
19, 98.349, 70.295, 89.076
20, 8.050, 47.934, 82.180
21, 82.346, 92.277, 63.591
22, 13.337, 46.745, 69.675
23, 44.257, 82.340, 70.110
24, 39.348, 30.257, 3.863
