0, 39.197, 64.713, 99.714
1, 67.635, 64.541, 50.853
2, 63.860, 17.961, 88.891
3, 78.658, 46.164, 56.373
4, 8.348, 71.686, 12.989
5, 12.701, 97.487, 66.320
6, 63.209, 2.829, 7.135
7, 66.893, 0.974, 83.139
8, 60.849, 22.644, 79.377
9, 98.916, 89.981, 19.115
10, 4.876, 2.132, 80.602
11, 3.477, 54.876, 28.974
12, 9.170, 21.876, 3.457
13, 63.017, 28.820, 44.851
14, 50.065, 42.716, 66.430
15, 57.075, 40.194, 97.639
16, 75.666, 15.132, 67.025
17, 22.219, 25.081, 88.147
18, 53.050, 88.190, 20.919
19, 0.254, 50.079, 87.584
20, 28.801, 69.617, 87.786
21, 40.908, 1.326, 16.713
22, 92.353, 42.094, 12.492
23, 61.633, 72.044, 25.796
24, 2.813, 80.277, 53.378
25, 86.408, 88.569, 12.642
26, 57.011, 49.441, 52.927
27, 36.744, 15.573, 44.461
28, 0.895, 70.899, 95.887
29, 31.267, 18.045, 54.440
30, 93.276, 59.797, 52.982
31, 16.929, 99.843, 77.780
32, 87.861, 24.080, 2.389
33, 74.658, 23.808, 20.296
34, 18.317, 34.146, 6.528
35, 51.069, 16.241, 9.403
36, 91.050, 30.927, 16.663
37, 15.413, 23.748, 6.077
38, 56.735, 3.804, 95.450
39, 87.316, 78.531, 76.507
40, 16.503, 1.196, 74.629
41, 90.200, 32.606, 77.025
42, 75.245, 60.564, 66.157
43, 65.205, 29.679, 18.134
44, 85.248, 64.991, 21.398
45, 44.742, 3.222, 69.485
46, 79.040, 31.277, 53.030
47, 69.275, 10.553, 56.599
48, 68.989, 76.342, 89.277
49, 91.620, 40.043, 18.397
