0, 28.569, 74.535, 92.473
1, 39.749, 73.177, 49.030
2, 67.844, 73.502, 47.391
3, 87.901, 93.572, 74.296
4, 99.036, 71.190, 19.473
5, 93.825, 43.375, 39.375
6, 59.311, 46.744, 11.181
7, 49.173, 3.039, 97.191
8, 18.193, 18.775, 67.395
9, 11.795, 27.709, 95.602
10, 46.212, 30.808, 89.977
11, 65.732, 67.839, 11.283
12, 2.345, 98.230, 98.809
13, 53.031, 79.159, 53.346
14, 49.376, 61.893, 59.243
15, 40.501, 79.140, 77.653
16, 97.898, 8.357, 90.633
17, 35.341, 90.842, 38.845
18, 0.011, 94.632, 23.869
19, 23.648, 6.780, 3.653
20, 81.928, 79.794, 84.319
21, 76.286, 66.134, 55.370
22, 55.590, 63.927, 31.059
23, 12.505, 40.582, 5.867
24, 47.789, 59.891, 9.944
