0, 64.764, 35.027, 10.947
1, 93.956, 4.764, 54.451
2, 18.869, 58.049, 53.103
3, 81.120, 78.267, 69.641
4, 66.870, 26.188, 69.135
5, 40.083, 36.767, 82.465
6, 52.839, 65.960, 66.959
7, 19.681, 86.869, 74.028
8, 60.730, 26.867, 26.041
9, 37.423, 90.613, 85.246
10, 51.588, 45.933, 51.811
11, 5.803, 34.862, 39.050
12, 26.248, 27.575, 51.376
13, 44.820, 53.871, 62.563
14, 17.783, 55.968, 27.412
15, 30.944, 15.562, 40.070
16, 90.571, 45.586, 75.151
17, 61.874, 87.559, 75.484
18, 63.789, 96.336, 33.788
19, 12.404, 36.535, 22.680
20, 49.067, 61.426, 79.107
21, 79.605, 33.161, 65.128
22, 84.806, 43.640, 99.458
23, 7.873, 8.693, 96.562
24, 58.180, 11.375, 33.136
25, 14.223, 94.589, 40.068
26, 55.622, 43.099, 23.478
27, 55.356, 43.891, 71.100
28, 19.489, 82.857, 10.290
29, 67.092, 67.567, 60.002
30, 44.509, 67.915, 2.973
31, 30.798, 48.348, 92.769
32, 8.962, 25.936, 87.508
33, 64.946, 60.033, 10.051
34, 82.993, 7.429, 26.588
35, 78.640, 35.224, 87.518
36, 7.270, 98.329, 21.314
37, 26.567, 69.420, 57.765
38, 85.821, 26.805, 32.900
39, 48.183, 59.405, 89.446
40, 96.845, 19.654, 22.411
41, 70.220, 3.697, 87.913
42, 35.882, 53.631, 49.147
43, 31.479, 76.422, 23.768
44, 88.671, 36.498, 83.222
45, 73.439, 98.746, 52.497
46, 55.662, 36.770, 55.433
47, 78.835, 94.472, 66.933
48, 17.991, 70.048, 16.981
49, 79.262, 4.016, 99.526
