0, 27.727, 28.768, 26.573
1, 56.079, 1.254, 36.635
2, 96.359, 4.393, 32.373
3, 16.517, 71.101, 19.360
4, 33.834, 62.451, 10.847
5, 86.558, 82.137, 78.964
6, 29.130, 84.814, 21.901
7, 61.954, 91.526, 14.443
8, 43.664, 89.899, 90.443
9, 45.395, 95.293, 35.782
10, 15.236, 21.928, 12.976
11, 67.171, 49.367, 91.822
12, 66.823, 59.813, 24.691
13, 48.744, 94.792, 31.620
14, 75.456, 47.466, 1.191
15, 5.909, 19.067, 24.265
16, 53.272, 85.525, 7.947
17, 58.329, 22.082, 56.562
18, 99.658, 37.089, 98.161
19, 83.701, 2.035, 4.531
20, 38.844, 2.082, 44.985
21, 32.490, 36.634, 16.796
22, 29.865, 41.524, 30.067
23, 22.252, 67.421, 27.725
24, 60.898, 99.140, 69.924
