0, 35.895, 21.164, 44.068
1, 37.299, 72.699, 99.046
2, 46.942, 31.802, 92.207
3, 40.849, 82.112, 10.918
4, 58.229, 18.359, 54.573
5, 7.419, 54.073, 7.445
6, 7.752, 8.860, 8.531
7, 32.846, 86.359, 44.351
8, 94.584, 92.564, 54.348
9, 37.959, 14.811, 55.667
10, 67.712, 13.371, 27.322
11, 55.795, 68.742, 81.586
12, 22.777, 89.195, 93.729
13, 64.562, 4.165, 30.516
14, 31.387, 90.988, 85.771
15, 11.359, 59.991, 92.978
16, 31.592, 43.217, 58.997
17, 81.198, 57.986, 74.753
18, 80.035, 53.409, 46.298
19, 69.374, 97.980, 21.027
20, 59.479, 21.898, 29.662
21, 85.951, 25.175, 84.578
22, 91.823, 20.825, 75.396
23, 71.646, 1.270, 57.658
24, 82.853, 70.940, 85.353
25, 2.028, 16.001, 54.094
26, 78.467, 94.720, 16.255
27, 97.119, 95.128, 15.406
28, 53.103, 72.229, 10.248
29, 38.685, 11.036, 13.769
30, 99.033, 17.184, 98.945
31, 99.106, 87.634, 97.906
32, 40.027, 9.457, 92.460
33, 92.754, 64.225, 73.708
34, 6.694, 70.677, 34.320
35, 27.699, 60.154, 34.129
36, 33.263, 7.990, 31.348
37, 53.877, 92.593, 83.231
38, 62.434, 66.820, 44.114
39, 35.124, 96.636, 46.392
40, 95.700, 74.690, 47.909
41, 72.997, 37.463, 27.164
42, 9.656, 42.779, 70.423
43, 26.314, 56.929, 52.077
44, 50.402, 7.141, 59.586
45, 35.030, 91.690, 96.306
46, 95.392, 80.640, 33.854
47, 58.098, 84.401, 67.180
48, 94.024, 57.425, 8.211
49, 78.572, 31.349, 89.947
