0, 82.161, 8.961, 20.794
1, 23.845, 76.456, 49.343
2, 55.723, 69.840, 61.539
3, 18.113, 58.051, 17.560
4, 82.732, 77.934, 53.522
5, 69.751, 73.836, 84.609
6, 1.735, 48.552, 53.648
7, 34.641, 30.035, 7.111
8, 33.793, 69.212, 28.430
9, 89.947, 64.627, 17.685
10, 73.419, 9.362, 75.201
11, 17.237, 98.256, 46.256
12, 43.006, 17.381, 71.050
13, 33.272, 19.062, 6.039
14, 73.604, 29.261, 35.074
15, 20.676, 96.458, 90.753
16, 35.240, 16.100, 48.049
17, 70.026, 22.028, 9.909
18, 16.841, 57.091, 75.385
19, 99.286, 42.895, 42.096
20, 32.732, 36.449, 91.573
21, 77.673, 96.356, 27.969
22, 39.825, 82.330, 8.055
23, 12.808, 60.642, 30.197
24, 40.793, 99.367, 34.082
