0, 95.419, 19.423, 81.942
1, 75.968, 84.702, 81.791
2, 60.021, 77.934, 52.526
3, 56.921, 32.583, 83.487
4, 23.365, 23.242, 62.837
5, 46.481, 5.726, 78.809
6, 57.494, 8.751, 55.032
7, 81.971, 6.526, 38.705
8, 72.514, 5.333, 13.860
9, 49.281, 21.443, 68.622
10, 81.971, 7.619, 83.328
11, 45.666, 79.719, 30.434
12, 62.663, 12.749, 80.067
13, 51.330, 48.743, 33.070
14, 36.291, 89.889, 27.438
15, 94.644, 96.549, 18.806
16, 31.168, 73.292, 21.063
17, 48.681, 95.602, 48.785
18, 38.790, 7.993, 39.448
19, 94.323, 58.635, 20.943
20, 68.549, 20.709, 59.466
21, 10.562, 44.621, 94.836
22, 16.023, 21.742, 52.576
23, 25.133, 88.234, 13.191
24, 1.248, 49.927, 89.993
25, 87.800, 26.124, 31.363
26, 49.484, 58.609, 72.334
27, 98.658, 55.346, 98.630
28, 14.807, 98.439, 82.873
29, 71.187, 26.673, 5.456
30, 13.879, 14.412, 18.410
31, 58.294, 42.088, 45.499
32, 88.147, 57.455, 10.556
33, 69.910, 96.686, 9.810
34, 67.642, 19.084, 22.705
35, 78.696, 98.319, 5.113
36, 82.508, 54.924, 85.808
37, 60.428, 47.431, 63.962
38, 76.185, 58.677, 81.759
39, 57.260, 98.728, 59.039
40, 73.067, 65.763, 36.626
41, 47.716, 48.008, 47.409
42, 21.018, 47.828, 23.337
43, 44.444, 40.947, 29.234
44, 63.200, 64.071, 30.623
45, 50.375, 22.516, 30.957
46, 21.990, 77.470, 6.576
47, 60.497, 15.224, 58.885
48, 92.677, 60.473, 99.895
49, 55.921, 54.496, 59.375
