0, 83.208, 70.864, 50.883
1, 10.569, 45.359, 37.242
2, 91.494, 66.745, 2.569
3, 15.124, 3.903, 81.561
4, 46.570, 3.503, 59.448
5, 42.254, 73.013, 86.692
6, 27.218, 22.709, 31.148
7, 26.997, 5.778, 7.029
8, 28.664, 15.849, 4.606
9, 55.823, 39.973, 35.503
10, 59.701, 42.041, 94.741
11, 70.594, 66.153, 39.312
12, 1.912, 28.820, 92.042
13, 46.884, 11.452, 78.028
14, 66.382, 99.882, 39.528
15, 33.280, 21.447, 26.592
16, 20.132, 48.097, 13.250
17, 18.615, 58.961, 5.547
18, 13.690, 43.563, 78.227
19, 11.145, 58.730, 54.335
20, 62.308, 59.021, 63.468
21, 80.381, 25.296, 63.980
22, 34.025, 73.416, 12.662
23, 88.023, 4.993, 61.510
24, 40.352, 37.831, 51.412
25, 16.791, 98.432, 56.873
26, 64.849, 61.052, 38.464
27, 99.625, 41.362, 16.097
28, 22.459, 16.246, 65.945
29, 33.231, 4.432, 7.235
30, 98.082, 49.255, 55.217
31, 20.000, 57.067, 18.806
32, 55.256, 89.111, 53.775
33, 23.268, 19.462, 45.920
34, 52.105, 3.554, 61.737
35, 60.045, 1.559, 55.674
36, 1.526, 34.463, 11.550
37, 72.313, 79.538, 4.949
38, 3.937, 3.513, 93.610
39, 62.323, 70.454, 48.306
40, 25.191, 18.156, 31.016
41, 9.268, 34.249, 3.312
42, 56.516, 11.569, 65.385
43, 42.831, 47.227, 96.922
44, 22.991, 39.138, 79.325
45, 25.420, 67.292, 68.533
46, 45.062, 90.907, 20.448
47, 46.092, 32.283, 55.817
48, 60.906, 43.416, 78.487
49, 29.039, 45.608, 43.037
