0, 79.640, 47.985, 17.059
1, 10.706, 51.191, 89.503
2, 10.153, 68.239, 95.770
3, 9.591, 90.208, 97.078
4, 33.132, 50.592, 25.338
5, 97.736, 47.748, 81.238
6, 21.978, 99.673, 22.703
7, 27.090, 8.728, 77.367
8, 84.579, 43.755, 67.148
9, 60.819, 32.790, 75.168
10, 35.421, 89.834, 57.043
11, 64.718, 71.113, 3.600
12, 22.938, 40.156, 90.518
13, 48.598, 54.915, 18.342
14, 7.938, 16.911, 72.236
15, 92.962, 93.343, 1.488
16, 76.215, 91.311, 44.323
17, 76.733, 52.783, 26.579
18, 13.909, 85.099, 36.250
19, 96.440, 49.685, 65.902
20, 59.377, 20.722, 81.406
21, 91.746, 65.456, 75.259
22, 89.234, 85.565, 98.876
23, 54.800, 25.235, 74.867
24, 77.042, 80.900, 98.983
25, 99.460, 9.845, 33.602
26, 91.350, 63.346, 80.907
27, 43.717, 66.989, 70.537
28, 59.774, 55.594, 72.724
29, 53.484, 97.942, 13.315
30, 38.331, 54.136, 29.356
31, 21.441, 61.684, 67.693
32, 98.394, 19.202, 11.421
33, 72.273, 64.131, 45.187
34, 36.484, 2.432, 54.807
35, 15.616, 11.836, 51.553
36, 20.115, 68.306, 81.916
37, 65.714, 79.670, 83.601
38, 14.809, 13.347, 43.323
39, 62.515, 79.840, 16.558
40, 62.061, 63.438, 75.577
41, 82.257, 94.822, 54.665
42, 41.908, 15.826, 33.114
43, 54.718, 42.528, 4.763
44, 97.201, 50.573, 50.082
45, 15.183, 58.801, 97.928
46, 41.541, 23.367, 95.681
47, 89.448, 61.456, 64.071
48, 42.981, 7.586, 70.154
49, 71.157, 41.448, 11.130
