0, 21.630, 15.866, 62.671
1, 23.017, 41.166, 47.157
2, 15.011, 61.820, 22.513
3, 35.032, 36.925, 89.088
4, 87.929, 36.761, 46.999
5, 23.634, 20.342, 4.361
6, 32.930, 63.274, 63.386
7, 34.708, 71.503, 2.813
8, 49.050, 36.232, 97.940
9, 45.196, 32.221, 57.381
10, 71.733, 94.551, 94.585
11, 11.467, 7.336, 53.326
12, 8.638, 32.463, 35.195
13, 18.503, 49.200, 5.697
14, 8.014, 79.628, 29.148
15, 91.147, 68.679, 46.266
16, 12.858, 66.496, 55.113
17, 81.334, 46.944, 78.656
18, 54.799, 79.225, 86.673
19, 44.876, 45.158, 73.817
20, 83.649, 8.291, 36.248
21, 44.628, 41.642, 17.567
22, 64.402, 50.704, 12.881
23, 32.463, 78.157, 97.750
24, 59.983, 28.663, 36.053
25, 18.995, 59.752, 40.901
26, 55.520, 41.601, 33.303
27, 17.198, 55.548, 20.175
28, 40.040, 18.999, 39.519
29, 46.470, 66.835, 98.586
30, 3.820, 96.053, 60.822
31, 67.374, 82.790, 79.047
32, 84.846, 68.698, 54.742
33, 65.523, 44.148, 9.815
34, 72.928, 48.765, 89.163
35, 34.846, 36.827, 35.588
36, 56.261, 81.815, 17.322
37, 39.521, 6.551, 28.322
38, 98.258, 69.059, 81.546
39, 95.786, 37.135, 68.063
40, 25.693, 3.171, 60.024
41, 14.506, 94.643, 50.347
42, 75.206, 29.986, 77.770
43, 97.072, 52.814, 71.826
44, 82.235, 65.429, 55.464
45, 47.619, 92.895, 55.806
46, 33.237, 25.526, 68.406
47, 16.739, 87.967, 65.767
48, 42.303, 55.423, 50.217
49, 17.182, 41.851, 65.357
