0, 46.727, 19.058, 98.919
1, 15.328, 21.864, 80.072
2, 49.078, 56.995, 70.376
3, 97.747, 61.350, 93.077
4, 82.328, 29.552, 5.597
5, 6.509, 94.800, 39.587
6, 92.522, 71.325, 92.673
7, 25.805, 95.433, 60.643
8, 32.845, 66.409, 70.789
9, 66.609, 11.317, 59.046
10, 23.896, 84.020, 68.614
11, 85.596, 54.392, 12.214
12, 3.591, 54.533, 51.112
13, 21.652, 26.231, 41.228
14, 78.909, 76.316, 47.704
15, 82.291, 65.546, 78.914
16, 86.892, 8.576, 13.560
17, 71.801, 23.537, 73.789
18, 52.310, 70.334, 71.791
19, 21.347, 40.677, 52.716
20, 79.562, 31.574, 39.968
21, 95.656, 88.376, 40.892
22, 24.769, 76.469, 1.834
23, 26.180, 35.775, 46.331
24, 82.112, 10.522, 3.211
