0, 11.676, 29.724, 77.660
1, 97.648, 66.919, 55.743
2, 13.179, 47.722, 47.169
3, 1.485, 65.720, 71.352
4, 67.092, 88.319, 89.253
5, 79.166, 64.661, 34.497
6, 74.035, 92.715, 64.738
7, 32.047, 24.313, 18.776
8, 71.681, 26.282, 15.696
9, 86.326, 12.323, 62.026
10, 52.705, 46.758, 43.257
11, 63.772, 39.552, 59.994
12, 23.811, 25.917, 84.855
13, 80.214, 32.487, 89.959
14, 31.617, 83.003, 68.979
15, 72.501, 47.286, 47.554
16, 2.964, 62.046, 23.864
17, 43.719, 34.256, 79.535
18, 74.001, 19.632, 31.992
19, 22.082, 80.643, 32.631
20, 21.279, 99.942, 29.383
21, 31.001, 63.242, 16.412
22, 74.678, 62.127, 84.178
23, 87.250, 15.245, 66.579
24, 23.285, 53.944, 46.040
