0, 15.115, 71.071, 81.142
1, 77.892, 59.582, 94.156
2, 8.675, 36.808, 4.459
3, 16.092, 6.685, 51.534
4, 83.954, 96.970, 28.965
5, 37.840, 27.469, 54.816
6, 80.584, 77.818, 87.597
7, 20.215, 74.312, 2.724
8, 39.558, 2.652, 1.896
9, 87.358, 47.281, 61.927
10, 66.230, 79.720, 20.363
11, 11.156, 24.232, 86.456
12, 36.117, 94.442, 78.712
13, 16.036, 28.083, 59.545
14, 78.683, 8.585, 34.758
15, 75.512, 96.922, 82.719
16, 65.755, 7.239, 60.110
17, 87.948, 26.112, 8.253
18, 66.262, 52.748, 76.030
19, 76.602, 88.503, 34.760
20, 3.611, 66.570, 82.963
21, 12.330, 1.221, 76.060
22, 64.731, 51.922, 37.418
23, 28.594, 83.244, 3.071
24, 67.731, 87.272, 16.701
