0, 18.272, 27.634, 16.569
1, 63.121, 17.365, 23.158
2, 36.804, 77.594, 6.993
3, 28.373, 80.602, 4.635
4, 47.439, 55.003, 34.292
5, 72.699, 35.085, 10.497
6, 70.104, 83.569, 64.514
7, 94.318, 33.964, 26.338
8, 92.557, 35.006, 89.067
9, 11.874, 74.010, 57.737
10, 31.332, 61.336, 67.884
11, 18.979, 22.833, 73.613
12, 37.788, 28.021, 51.694
13, 76.072, 35.099, 7.148
14, 24.396, 82.720, 69.858
15, 0.280, 10.575, 23.517
16, 57.649, 22.914, 4.869
17, 96.007, 25.729, 73.588
18, 61.627, 66.611, 9.002
19, 33.520, 24.962, 53.290
20, 18.135, 12.355, 13.261
21, 23.393, 10.208, 39.471
22, 5.079, 1.965, 52.925
23, 51.099, 98.983, 55.228
24, 15.989, 98.020, 7.603
