0, 11.964, 94.136, 1.610
1, 29.453, 72.327, 50.498
2, 0.043, 97.466, 77.251
3, 6.447, 67.632, 31.173
4, 11.472, 32.844, 17.355
5, 77.559, 33.828, 62.814
6, 81.107, 61.981, 59.035
7, 87.957, 72.850, 3.853
8, 97.986, 31.260, 16.552
9, 82.967, 52.319, 68.512
10, 38.124, 28.034, 73.063
11, 82.812, 60.404, 76.987
12, 43.608, 14.596, 17.035
13, 1.475, 26.749, 84.712
14, 37.384, 3.466, 50.823
15, 78.772, 70.232, 34.365
16, 0.448, 29.765, 10.470
17, 96.011, 20.578, 58.012
18, 24.737, 22.299, 30.871
19, 41.636, 4.593, 6.507
20, 39.877, 19.665, 16.834
21, 93.441, 83.611, 79.575
22, 43.404, 96.671, 94.772
23, 6.998, 30.274, 23.867
24, 87.514, 98.946, 99.922
25, 47.317, 22.512, 49.654
26, 35.921, 25.977, 62.417
27, 44.772, 79.067, 87.315
28, 18.149, 71.856, 97.142
29, 2.965, 76.980, 1.429
30, 82.778, 49.076, 12.415
31, 73.461, 82.475, 87.636
32, 91.342, 39.862, 9.620
33, 25.993, 98.801, 58.265
34, 95.754, 8.208, 50.726
35, 38.904, 65.071, 42.108
36, 7.626, 29.293, 59.159
37, 33.839, 27.699, 32.664
38, 24.520, 39.420, 60.191
39, 4.217, 46.367, 24.811
40, 56.150, 12.935, 30.394
41, 25.713, 77.680, 26.473
42, 69.371, 55.369, 2.912
43, 80.031, 27.179, 66.545
44, 22.347, 71.323, 59.891
45, 9.009, 87.284, 37.188
46, 4.550, 59.940, 79.109
47, 8.375, 93.787, 35.431
48, 36.231, 17.525, 56.590
49, 38.388, 24.890, 55.495
