0, 73.574, 72.983, 20.816
1, 6.090, 66.811, 95.713
2, 12.002, 58.399, 43.919
3, 47.475, 72.348, 37.003
4, 78.485, 76.831, 96.584
5, 89.534, 19.232, 52.958
6, 74.431, 36.090, 97.453
7, 2.729, 61.427, 24.909
8, 97.974, 81.813, 10.843
9, 13.379, 60.611, 43.824
10, 44.637, 50.764, 44.037
11, 55.094, 12.021, 88.291
12, 95.863, 27.875, 31.728
13, 41.786, 68.223, 77.896
14, 80.562, 43.455, 51.011
15, 9.061, 37.308, 97.236
16, 31.152, 76.658, 63.324
17, 71.241, 0.422, 65.683
18, 84.832, 5.320, 24.897
19, 41.780, 28.797, 52.203
20, 88.424, 71.510, 74.383
21, 57.623, 47.861, 57.869
22, 58.985, 29.780, 92.109
23, 92.905, 83.709, 10.023
24, 58.989, 35.500, 70.667
25, 47.723, 7.703, 37.156
26, 71.507, 60.304, 41.868
27, 85.829, 46.012, 4.206
28, 68.551, 57.842, 56.403
29, 57.013, 81.626, 74.103
30, 65.191, 20.663, 91.204
31, 45.330, 19.432, 33.075
32, 88.400, 12.726, 28.939
33, 51.566, 73.263, 66.011
34, 32.157, 17.238, 99.606
35, 95.000, 76.296, 54.677
36, 24.507, 68.284, 21.667
37, 85.561, 34.197, 64.552
38, 21.365, 36.920, 34.454
39, 47.912, 36.165, 34.407
40, 82.743, 32.060, 10.146
41, 71.339, 63.872, 42.502
42, 31.980, 9.221, 17.859
43, 70.998, 43.332, 52.855
44, 56.878, 71.189, 94.755
45, 74.797, 52.558, 66.402
46, 87.645, 8.788, 37.119
47, 71.508, 2.542, 53.845
48, 15.524, 12.772, 67.108
49, 26.107, 65.365, 23.400
