0, 98.859, 65.972, 54.515
1, 14.208, 77.579, 9.096
2, 87.720, 30.920, 10.173
3, 46.128, 71.174, 49.745
4, 85.447, 24.886, 42.937
5, 29.719, 43.349, 61.738
6, 59.757, 12.435, 5.834
7, 1.178, 84.938, 79.937
8, 2.574, 94.094, 87.807
9, 57.542, 74.503, 38.975
10, 16.013, 43.714, 79.569
11, 62.350, 57.713, 66.326
12, 87.640, 66.418, 25.172
13, 12.593, 26.282, 11.734
14, 98.106, 7.279, 54.315
15, 44.529, 26.506, 12.692
16, 72.135, 43.719, 22.000
17, 41.786, 76.980, 91.167
18, 45.875, 33.205, 52.673
19, 68.017, 75.952, 32.410
20, 6.234, 57.099, 30.067
21, 15.778, 97.575, 15.358
22, 5.333, 22.386, 70.190
23, 23.570, 18.811, 40.173
24, 8.468, 45.409, 35.336
25, 3.323, 48.505, 76.251
26, 90.044, 81.897, 28.690
27, 65.984, 67.782, 96.672
28, 52.865, 6.645, 48.755
29, 31.489, 5.771, 17.610
30, 80.598, 32.511, 53.464
31, 94.759, 46.237, 86.267
32, 67.358, 97.226, 43.189
33, 87.231, 34.676, 76.061
34, 63.962, 56.068, 52.457
35, 87.503, 44.726, 91.845
36, 47.666, 34.586, 54.453
37, 3.390, 72.990, 11.550
38, 11.912, 27.269, 22.455
39, 49.515, 37.128, 69.714
40, 91.328, 18.927, 55.506
41, 10.879, 91.287, 22.884
42, 21.385, 45.963, 75.026
43, 10.186, 56.913, 56.217
44, 91.278, 7.922, 33.218
45, 22.434, 18.590, 22.998
46, 75.077, 89.482, 73.086
47, 64.576, 83.468, 61.409
48, 51.398, 14.996, 51.415
49, 87.422, 5.965, 25.903
