0, 19.385, 0.556, 37.019
1, 36.568, 96.458, 64.663
2, 30.473, 61.164, 47.449
3, 48.229, 64.625, 33.585
4, 61.599, 50.369, 53.231
5, 35.032, 13.392, 78.156
6, 78.432, 91.627, 61.518
7, 39.430, 18.822, 84.103
8, 4.172, 78.916, 76.367
9, 94.851, 50.544, 23.239
10, 65.723, 12.462, 75.206
11, 6.711, 83.222, 12.467
12, 24.045, 78.892, 55.572
13, 33.973, 16.319, 87.646
14, 68.395, 46.222, 95.349
15, 55.500, 23.143, 8.639
16, 43.836, 41.927, 66.760
17, 35.098, 31.061, 48.923
18, 2.376, 22.202, 80.232
19, 28.880, 52.947, 59.975
20, 57.231, 25.512, 66.630
21, 16.027, 85.793, 62.080
22, 12.724, 26.863, 66.456
23, 36.496, 87.699, 61.472
24, 80.927, 28.646, 35.711
