0, 96.170, 83.000, 34.859
1, 38.566, 34.583, 23.016
2, 85.252, 47.381, 69.404
3, 50.067, 51.183, 86.675
4, 60.029, 6.077, 66.054
5, 13.398, 17.837, 91.279
6, 60.201, 22.850, 64.463
7, 98.751, 80.620, 79.969
8, 46.970, 69.852, 72.704
9, 46.464, 46.398, 82.595
10, 28.620, 23.920, 71.939
11, 92.740, 11.936, 1.508
12, 43.434, 54.974, 51.693
13, 62.788, 20.545, 77.575
14, 98.244, 94.275, 42.735
15, 56.689, 31.971, 17.618
16, 64.552, 49.680, 69.477
17, 31.581, 71.099, 56.429
18, 47.754, 16.661, 42.184
19, 28.216, 83.742, 93.579
20, 66.688, 19.517, 80.577
21, 72.589, 75.984, 65.121
22, 35.567, 47.484, 75.565
23, 83.576, 5.072, 72.396
24, 62.103, 43.064, 26.286
