0, 39.415, 52.851, 34.017
1, 4.801, 61.584, 12.302
2, 63.345, 43.060, 47.301
3, 42.363, 58.524, 40.261
4, 62.826, 74.800, 10.370
5, 77.367, 86.929, 32.520
6, 87.044, 77.074, 58.209
7, 22.793, 38.785, 89.067
8, 94.943, 42.737, 86.792
9, 24.733, 60.057, 7.422
10, 99.484, 11.385, 31.291
11, 82.125, 54.930, 73.519
12, 63.623, 95.379, 1.700
13, 30.870, 9.546, 96.871
14, 18.950, 6.130, 80.003
15, 59.196, 94.578, 10.070
16, 11.944, 37.747, 9.271
17, 6.499, 78.989, 18.200
18, 52.798, 46.935, 67.056
19, 92.754, 23.239, 56.655
20, 58.624, 18.494, 99.831
21, 87.199, 91.321, 37.213
22, 88.662, 88.817, 64.027
23, 46.366, 39.104, 75.066
24, 68.779, 50.742, 26.214
