0, 22.582, 91.954, 30.488
1, 90.709, 88.047, 51.823
2, 16.348, 70.835, 94.151
3, 22.039, 91.473, 7.227
4, 79.553, 17.632, 17.153
5, 77.455, 53.824, 7.481
6, 24.764, 99.654, 11.284
7, 8.744, 34.840, 38.110
8, 87.186, 2.597, 29.635
9, 56.324, 65.447, 9.130
10, 50.617, 79.347, 29.632
11, 92.281, 15.035, 36.923
12, 31.834, 10.895, 55.975
13, 85.327, 61.110, 34.066
14, 57.296, 3.189, 94.511
15, 0.764, 42.366, 3.431
16, 50.807, 58.448, 67.241
17, 66.899, 34.668, 42.177
18, 9.346, 58.698, 89.578
19, 65.998, 41.389, 20.602
20, 53.054, 13.246, 48.174
21, 58.912, 29.439, 87.346
22, 49.921, 48.284, 55.936
23, 61.649, 81.225, 74.661
24, 35.450, 22.243, 30.878
