0, 48.278, 16.494, 40.673
1, 91.963, 30.449, 67.242
2, 26.392, 63.169, 13.043
3, 9.608, 48.838, 10.759
4, 63.597, 31.679, 42.569
5, 10.011, 24.955, 45.734
6, 69.300, 9.152, 15.101
7, 50.296, 49.766, 60.347
8, 55.311, 99.484, 25.002
9, 6.996, 74.733, 39.862
10, 98.760, 22.837, 11.115
11, 81.184, 29.294, 9.010
12, 45.184, 65.515, 14.908
13, 84.830, 75.890, 14.366
14, 90.242, 15.236, 16.828
15, 78.516, 14.912, 41.657
16, 8.517, 77.922, 54.120
17, 21.108, 49.599, 77.962
18, 37.360, 72.461, 64.489
19, 70.783, 61.199, 39.889
20, 16.326, 60.704, 18.026
21, 97.378, 76.104, 98.165
22, 86.867, 4.101, 77.067
23, 10.543, 63.060, 41.143
24, 76.477, 35.662, 45.066
