0, 25.123, 23.658, 4.262
1, 30.081, 98.852, 58.424
2, 64.799, 63.508, 14.420
3, 52.444, 44.902, 78.375
4, 1.326, 89.773, 1.623
5, 29.047, 44.477, 60.556
6, 94.092, 33.490, 9.355
7, 44.200, 89.195, 10.898
8, 46.851, 21.198, 68.859
9, 58.542, 91.700, 28.755
10, 89.001, 49.122, 31.595
11, 64.878, 33.140, 66.732
12, 74.691, 42.518, 73.789
13, 58.470, 3.535, 17.696
14, 20.463, 67.672, 37.024
15, 55.381, 81.853, 35.841
16, 46.902, 84.406, 53.762
17, 60.962, 84.099, 84.827
18, 51.788, 46.071, 31.265
19, 49.648, 72.404, 86.797
20, 15.545, 83.417, 22.072
21, 98.197, 66.234, 95.162
22, 0.481, 52.251, 23.529
23, 94.875, 39.829, 75.644
24, 96.431, 64.086, 15.194
25, 4.330, 82.156, 35.391
26, 73.346, 53.904, 94.259
27, 30.390, 32.823, 2.893
28, 28.357, 92.978, 63.948
29, 10.255, 82.455, 33.120
30, 76.228, 58.806, 65.058
31, 71.385, 19.184, 36.190
32, 6.585, 71.423, 74.780
33, 67.172, 37.728, 44.494
34, 46.795, 79.847, 96.144
35, 45.451, 34.622, 87.885
36, 5.209, 44.034, 41.947
37, 85.006, 57.757, 85.870
38, 81.072, 31.308, 53.634
39, 66.789, 38.821, 62.906
40, 42.744, 83.163, 27.049
41, 70.856, 95.532, 63.979
42, 18.811, 30.204, 13.263
43, 8.539, 50.026, 47.612
44, 77.570, 60.626, 18.292
45, 3.062, 98.436, 67.055
46, 88.736, 29.060, 25.757
47, 88.507, 59.992, 16.446
48, 37.117, 52.098, 1.879
49, 64.781, 46.201, 79.276
