0, 12.167, 76.156, 34.714
1, 37.863, 84.415, 63.270
2, 34.095, 94.280, 77.994
3, 62.376, 58.002, 24.636
4, 86.198, 93.999, 39.755
5, 11.721, 55.503, 86.958
6, 25.989, 45.962, 55.719
7, 35.120, 35.574, 73.294
8, 27.748, 21.695, 45.778
9, 68.808, 27.405, 87.070
10, 59.162, 93.147, 73.159
11, 92.475, 24.135, 94.586
12, 73.268, 25.223, 19.721
13, 19.615, 80.554, 85.343
14, 54.157, 26.864, 89.515
15, 53.175, 33.494, 59.510
16, 23.226, 90.558, 21.757
17, 97.197, 97.608, 99.602
18, 32.335, 53.274, 66.820
19, 12.080, 51.512, 48.950
20, 43.571, 34.119, 30.962
21, 40.946, 1.377, 78.686
22, 20.192, 81.972, 14.740
23, 79.248, 38.681, 86.098
24, 36.688, 77.746, 93.530
25, 27.644, 69.923, 17.495
26, 37.507, 33.681, 66.735
27, 65.479, 6.926, 97.934
28, 59.549, 40.483, 89.005
29, 48.000, 50.149, 26.052
30, 54.686, 38.543, 16.751
31, 12.787, 12.798, 53.176
32, 4.224, 76.469, 21.966
33, 57.887, 61.939, 56.138
34, 65.866, 1.150, 64.459
35, 24.631, 51.502, 44.295
36, 66.641, 35.337, 47.784
37, 96.471, 83.428, 85.093
38, 40.988, 53.653, 56.492
39, 9.534, 6.079, 3.434
40, 23.159, 65.500, 49.434
41, 82.084, 80.008, 77.752
42, 61.424, 43.566, 97.518
43, 27.880, 67.170, 57.884
44, 90.330, 8.557, 49.419
45, 86.744, 56.380, 68.396
46, 31.661, 94.280, 29.432
47, 74.097, 94.747, 98.618
48, 18.726, 83.610, 6.028
49, 45.179, 39.707, 4.182
