0, 26.826, 66.695, 73.504
1, 50.678, 60.612, 85.985
2, 93.660, 93.802, 25.441
3, 12.647, 25.020, 67.959
4, 88.166, 6.765, 44.977
5, 71.278, 87.516, 60.600
6, 54.398, 91.066, 91.497
7, 11.382, 61.213, 1.103
8, 73.671, 26.251, 51.770
9, 61.664, 58.352, 38.953
10, 97.889, 81.160, 99.965
11, 87.105, 50.286, 52.123
12, 93.105, 31.760, 56.707
13, 83.922, 47.256, 91.350
14, 56.971, 71.277, 32.066
15, 86.896, 57.013, 66.722
16, 16.000, 33.956, 95.906
17, 9.311, 87.666, 31.113
18, 64.091, 98.607, 61.765
19, 34.016, 16.751, 84.512
20, 92.890, 7.000, 77.460
21, 37.149, 22.684, 76.422
22, 56.616, 24.376, 18.697
23, 67.452, 52.940, 38.025
24, 90.511, 44.480, 83.240
