0, 27.840, 83.965, 99.238
1, 24.607, 76.535, 79.623
2, 25.695, 28.667, 5.042
3, 54.182, 85.822, 82.117
4, 94.941, 79.035, 29.429
5, 20.019, 95.499, 46.357
6, 48.749, 63.084, 7.576
7, 64.846, 82.862, 95.965
8, 47.606, 99.379, 60.606
9, 79.620, 95.510, 73.562
10, 62.923, 15.247, 47.401
11, 6.174, 1.239, 32.554
12, 39.911, 53.295, 93.288
13, 16.275, 14.266, 23.016
14, 49.350, 11.302, 75.646
15, 44.836, 91.003, 88.144
16, 62.295, 33.631, 74.603
17, 17.785, 23.984, 33.857
18, 91.731, 74.260, 14.442
19, 82.504, 3.341, 10.231
20, 91.283, 99.971, 41.372
21, 65.452, 13.202, 14.271
22, 65.140, 24.367, 6.558
23, 29.857, 6.504, 63.471
24, 68.732, 42.636, 52.587
