0, 53.985, 38.653, 58.783
1, 98.777, 23.903, 1.655
2, 29.797, 51.132, 48.902
3, 70.248, 43.701, 69.919
4, 9.629, 68.590, 11.266
5, 27.726, 98.836, 11.104
6, 23.645, 51.633, 65.115
7, 11.775, 71.129, 31.446
8, 51.057, 4.119, 21.916
9, 47.951, 16.706, 41.006
10, 62.267, 12.737, 60.745
11, 69.556, 63.794, 49.839
12, 14.931, 52.221, 62.286
13, 92.280, 37.020, 71.481
14, 82.567, 60.400, 63.895
15, 86.542, 55.844, 70.955
16, 28.832, 38.947, 34.391
17, 28.370, 15.704, 38.395
18, 25.599, 75.624, 18.445
19, 45.661, 16.681, 64.650
20, 6.396, 5.766, 4.452
21, 36.934, 27.222, 57.966
22, 23.890, 96.362, 16.691
23, 3.061, 53.281, 86.999
24, 40.007, 79.798, 3.575
25, 81.842, 14.879, 35.378
26, 65.872, 40.654, 83.190
27, 41.465, 95.227, 47.418
28, 75.786, 95.735, 60.292
29, 77.396, 32.129, 1.666
30, 51.913, 31.423, 70.733
31, 41.471, 59.860, 76.623
32, 37.517, 20.220, 10.605
33, 45.392, 9.361, 25.760
34, 3.409, 91.092, 15.845
35, 36.195, 53.038, 6.005
36, 69.041, 24.544, 43.711
37, 23.869, 42.557, 84.115
38, 92.615, 16.566, 53.952
39, 70.531, 67.273, 77.438
40, 62.386, 67.062, 16.804
41, 80.454, 47.329, 19.018
42, 95.476, 75.722, 61.551
43, 2.760, 22.323, 19.795
44, 94.118, 43.994, 29.755
45, 90.914, 52.493, 43.837
46, 43.426, 22.058, 99.720
47, 62.246, 96.309, 61.950
48, 32.321, 30.804, 12.882
49, 45.402, 95.191, 81.241
