0, 13.553, 60.379, 19.105
1, 12.072, 99.565, 47.215
2, 59.009, 20.943, 13.657
3, 53.759, 0.329, 48.963
4, 13.583, 29.643, 88.653
5, 91.640, 36.028, 35.437
6, 64.028, 83.887, 64.094
7, 34.527, 64.456, 45.402
8, 47.553, 9.819, 37.873
9, 38.026, 56.386, 54.984
10, 1.373, 50.805, 74.108
11, 6.194, 81.920, 22.540
12, 37.937, 10.744, 65.604
13, 12.870, 38.654, 24.121
14, 97.923, 26.420, 86.255
15, 55.141, 52.998, 38.369
16, 95.853, 66.233, 90.324
17, 4.413, 70.625, 51.579
18, 67.855, 82.807, 99.664
19, 44.592, 23.038, 11.484
20, 15.082, 42.301, 53.278
21, 96.011, 29.722, 2.921
22, 97.470, 64.606, 97.581
23, 88.956, 47.896, 1.674
24, 10.235, 2.117, 82.368
