0, 63.427, 73.495, 58.453
1, 83.017, 7.614, 18.802
2, 7.508, 63.448, 59.238
3, 86.186, 53.752, 71.585
4, 80.090, 37.022, 87.705
5, 8.572, 32.605, 93.615
6, 76.834, 70.104, 23.423
7, 1.920, 62.128, 79.898
8, 14.119, 24.342, 98.739
9, 16.471, 22.876, 45.501
10, 24.514, 62.136, 48.634
11, 0.397, 53.597, 97.290
12, 94.335, 72.987, 77.986
13, 72.168, 98.775, 32.597
14, 63.909, 40.281, 45.983
15, 8.897, 80.329, 91.910
16, 4.632, 31.632, 98.099
17, 52.476, 72.924, 21.326
18, 54.870, 93.425, 33.192
19, 7.379, 16.650, 24.767
20, 55.256, 31.311, 1.658
21, 57.924, 67.360, 34.712
22, 62.449, 86.863, 98.644
23, 19.302, 4.145, 96.839
24, 96.972, 53.567, 47.733
