0, 50.382, 37.321, 51.589
1, 15.908, 31.863, 12.694
2, 11.699, 43.658, 99.696
3, 43.567, 74.718, 3.597
4, 71.858, 44.299, 66.216
5, 13.330, 63.281, 21.682
6, 31.984, 15.574, 20.540
7, 82.504, 39.600, 45.066
8, 24.620, 70.171, 77.041
9, 15.875, 25.240, 52.089
10, 93.733, 24.401, 44.531
11, 63.580, 84.478, 41.122
12, 82.466, 65.178, 91.274
13, 87.185, 79.261, 23.263
14, 38.574, 43.288, 33.297
15, 34.010, 3.174, 80.450
16, 83.105, 24.238, 8.779
17, 85.963, 11.064, 33.219
18, 43.185, 51.853, 19.495
19, 49.246, 39.821, 33.251
20, 83.677, 7.317, 75.009
21, 30.266, 56.007, 39.833
22, 78.481, 46.122, 64.743
23, 20.570, 69.297, 25.173
24, 90.472, 71.036, 23.184
25, 58.508, 55.608, 85.875
26, 94.939, 39.611, 88.624
27, 19.708, 9.557, 70.198
28, 75.752, 19.870, 98.181
29, 22.444, 34.383, 87.321
30, 78.126, 82.551, 94.887
31, 5.604, 61.631, 9.536
32, 76.054, 32.074, 32.994
33, 38.129, 73.887, 52.213
34, 25.591, 69.082, 65.880
35, 86.338, 58.613, 38.674
36, 85.715, 25.369, 72.615
37, 60.846, 93.074, 50.187
38, 77.253, 44.353, 42.358
39, 6.389, 37.722, 8.872
40, 16.030, 67.792, 45.405
41, 16.257, 47.630, 65.975
42, 71.633, 47.567, 98.785
43, 24.847, 73.208, 23.140
44, 54.025, 84.002, 3.628
45, 66.212, 25.452, 10.444
46, 39.116, 94.834, 77.605
47, 20.285, 83.703, 70.796
48, 47.123, 66.399, 60.874
49, 96.861, 78.915, 86.789
