0, 26.654, 50.980, 95.918
1, 52.873, 78.637, 22.713
2, 10.478, 16.722, 68.519
3, 76.718, 39.225, 42.312
4, 54.658, 29.629, 87.813
5, 66.553, 97.622, 3.580
6, 33.617, 18.789, 1.372
7, 18.781, 70.084, 68.409
8, 86.188, 75.991, 75.875
9, 26.802, 25.425, 85.345
10, 44.185, 75.614, 49.164
11, 56.137, 74.460, 22.602
12, 45.155, 29.416, 67.539
13, 29.165, 93.351, 53.181
14, 32.330, 43.307, 61.351
15, 81.613, 52.732, 86.965
16, 67.868, 74.577, 92.018
17, 80.268, 1.338, 38.436
18, 12.265, 62.819, 14.565
19, 8.023, 0.831, 9.985
20, 79.666, 67.423, 63.094
21, 68.420, 27.229, 46.053
22, 80.067, 51.329, 5.826
23, 72.582, 94.607, 72.984
24, 17.690, 75.334, 77.000
