0, 36.954, 75.783, 55.595
1, 78.788, 74.165, 47.960
2, 42.477, 15.157, 82.436
3, 53.100, 41.356, 40.805
4, 41.570, 69.108, 39.095
5, 94.994, 33.172, 1.073
6, 71.457, 14.130, 1.440
7, 94.199, 90.976, 2.164
8, 62.993, 19.824, 80.986
9, 92.477, 12.179, 93.134
10, 13.181, 81.142, 84.485
11, 15.559, 27.774, 28.252
12, 3.151, 97.882, 63.231
13, 91.270, 19.733, 39.520
14, 21.500, 52.925, 83.031
15, 75.078, 43.091, 53.912
16, 89.070, 90.803, 83.924
17, 68.267, 98.885, 18.173
18, 28.128, 43.926, 54.862
19, 34.658, 82.068, 70.998
20, 99.611, 58.231, 88.025
21, 10.813, 65.514, 66.232
22, 23.471, 92.800, 42.361
23, 80.190, 86.125, 78.509
24, 0.622, 57.018, 62.363
25, 64.841, 17.118, 40.400
26, 33.294, 41.243, 23.353
27, 69.353, 66.360, 80.552
28, 23.916, 12.747, 11.985
29, 92.140, 39.226, 22.491
30, 32.718, 16.473, 29.315
31, 28.106, 40.588, 17.831
32, 24.363, 27.764, 46.672
33, 78.266, 11.698, 51.381
34, 17.410, 94.398, 67.997
35, 86.615, 77.808, 55.029
36, 27.827, 55.302, 78.189
37, 42.778, 75.140, 49.065
38, 78.299, 90.948, 12.145
39, 25.228, 52.540, 96.712
40, 84.198, 79.624, 68.637
41, 83.878, 45.266, 26.242
42, 81.988, 74.242, 38.782
43, 47.986, 26.200, 49.146
44, 4.862, 58.092, 97.934
45, 32.352, 45.710, 6.901
46, 61.678, 1.541, 77.093
47, 45.664, 8.246, 46.310
48, 15.102, 34.133, 14.220
49, 94.956, 29.380, 35.803
