0, 76.703, 53.912, 74.757
1, 39.306, 20.881, 49.636
2, 0.742, 36.403, 45.119
3, 5.511, 30.333, 11.900
4, 1.302, 31.684, 52.137
5, 72.527, 70.968, 42.171
6, 85.517, 24.414, 6.230
7, 35.506, 58.680, 48.282
8, 96.745, 58.136, 30.526
9, 87.322, 36.205, 22.405
10, 11.871, 74.612, 43.836
11, 81.890, 42.093, 71.601
12, 81.515, 7.795, 42.995
13, 99.589, 27.248, 69.016
14, 39.673, 90.603, 36.279
15, 2.041, 45.376, 40.605
16, 54.915, 11.019, 19.657
17, 37.863, 69.468, 13.951
18, 54.796, 5.974, 48.737
19, 23.342, 81.659, 68.715
20, 47.406, 43.047, 9.544
21, 63.436, 96.098, 86.446
22, 85.960, 61.257, 25.129
23, 96.628, 29.009, 19.910
24, 72.082, 40.640, 44.684
