0, 83.023, 53.410, 23.911
1, 44.064, 98.301, 35.021
2, 87.064, 36.026, 31.445
3, 30.945, 6.780, 93.945
4, 48.615, 7.113, 82.048
5, 27.351, 27.773, 53.033
6, 54.820, 37.439, 8.053
7, 56.465, 2.245, 93.911
8, 87.570, 6.650, 52.402
9, 28.090, 29.882, 89.058
10, 81.850, 65.647, 91.782
11, 40.272, 96.298, 36.225
12, 70.986, 1.484, 31.179
13, 86.592, 8.927, 21.337
14, 13.233, 45.773, 56.030
15, 4.559, 8.766, 24.895
16, 56.854, 33.846, 61.740
17, 86.809, 20.453, 16.688
18, 46.779, 93.895, 68.969
19, 71.999, 30.732, 40.168
20, 79.660, 7.881, 44.728
21, 84.649, 79.261, 20.016
22, 30.019, 81.919, 67.643
23, 20.443, 59.608, 28.345
24, 74.553, 44.531, 7.197
25, 35.190, 21.696, 92.479
26, 4.800, 89.979, 84.801
27, 47.046, 73.103, 36.621
28, 62.545, 3.408, 92.089
29, 75.713, 73.102, 38.332
30, 81.519, 98.809, 69.681
31, 84.024, 45.392, 26.590
32, 65.794, 73.355, 88.086
33, 87.022, 54.291, 56.995
34, 57.460, 75.147, 9.996
35, 47.679, 38.626, 47.568
36, 59.931, 42.672, 84.987
37, 57.696, 24.363, 92.415
38, 24.712, 45.328, 49.181
39, 70.858, 50.039, 94.787
40, 24.266, 2.816, 84.661
41, 90.329, 54.599, 34.473
42, 74.110, 21.180, 46.236
43, 61.420, 41.680, 66.304
44, 81.397, 60.798, 73.501
45, 56.722, 46.436, 75.801
46, 42.796, 40.429, 15.366
47, 96.584, 90.812, 17.631
48, 72.823, 21.040, 33.480
49, 57.901, 69.707, 25.854
