0, 31.743, 73.288, 20.834
1, 95.699, 35.940, 43.094
2, 61.124, 85.841, 22.812
3, 66.872, 40.029, 15.188
4, 67.827, 40.627, 60.926
5, 68.037, 16.307, 12.328
6, 32.708, 80.461, 68.637
7, 25.873, 59.206, 68.558
8, 58.364, 50.282, 86.874
9, 62.311, 62.475, 19.257
10, 58.976, 71.025, 70.161
11, 44.025, 32.096, 36.053
12, 41.922, 53.496, 6.086
13, 24.009, 96.322, 36.865
14, 20.623, 57.871, 14.203
15, 86.442, 47.502, 21.995
16, 91.758, 87.103, 11.755
17, 12.526, 43.168, 83.881
18, 1.666, 80.735, 38.483
19, 78.570, 57.874, 63.634
20, 84.362, 39.891, 27.975
21, 42.204, 48.308, 94.166
22, 74.328, 24.535, 19.858
23, 26.851, 44.306, 60.531
24, 98.580, 42.987, 6.405
25, 79.846, 25.480, 2.625
26, 54.882, 14.053, 3.590
27, 84.217, 86.644, 86.237
28, 23.861, 87.630, 46.026
29, 48.036, 94.696, 10.956
30, 25.819, 98.453, 87.608
31, 29.208, 30.846, 92.060
32, 5.591, 54.793, 90.170
33, 92.522, 56.387, 35.954
34, 51.598, 79.794, 27.235
35, 19.591, 50.129, 31.679
36, 48.331, 43.136, 87.283
37, 78.745, 19.961, 49.422
38, 88.683, 74.738, 26.837
39, 93.824, 77.353, 86.413
40, 13.067, 61.280, 26.871
41, 27.461, 53.882, 63.564
42, 56.273, 4.717, 91.173
43, 3.621, 55.897, 89.816
44, 70.674, 94.336, 28.588
45, 86.584, 22.894, 3.149
46, 52.472, 10.182, 58.077
47, 15.215, 42.192, 8.425
48, 7.493, 91.430, 8.664
49, 99.677, 7.986, 27.359
