0, 90.772, 24.508, 6.045
1, 24.606, 50.294, 24.868
2, 12.781, 34.552, 87.088
3, 15.937, 53.109, 25.265
4, 49.626, 54.772, 42.707
5, 49.595, 94.272, 39.637
6, 8.782, 32.475, 71.112
7, 77.362, 80.936, 40.753
8, 10.724, 74.022, 48.573
9, 51.511, 30.490, 49.047
10, 9.375, 3.145, 66.250
11, 92.578, 64.265, 10.148
12, 99.685, 94.916, 30.840
13, 84.133, 22.288, 42.418
14, 50.397, 74.489, 68.854
15, 51.551, 9.815, 59.363
16, 61.597, 77.869, 87.227
17, 18.810, 15.389, 13.299
18, 29.393, 60.425, 14.532
19, 84.091, 87.616, 40.120
20, 46.688, 0.229, 6.519
21, 14.666, 90.676, 66.755
22, 54.873, 38.253, 27.327
23, 14.149, 86.838, 33.343
24, 13.755, 11.857, 43.498
