0, 24.064, 30.200, 6.777
1, 17.640, 96.294, 44.859
2, 19.724, 10.750, 33.025
3, 79.199, 3.683, 78.391
4, 10.586, 49.301, 44.694
5, 0.117, 67.449, 66.254
6, 79.984, 56.145, 40.047
7, 38.197, 34.223, 58.105
8, 38.826, 38.246, 7.168
9, 50.972, 57.356, 4.671
10, 73.142, 21.856, 86.877
11, 88.059, 3.032, 1.143
12, 62.525, 8.753, 94.521
13, 22.472, 87.803, 45.759
14, 49.443, 30.385, 99.127
15, 87.347, 3.570, 67.473
16, 55.682, 18.724, 96.714
17, 18.582, 10.276, 94.174
18, 66.135, 19.866, 53.939
19, 20.303, 50.459, 4.412
20, 59.341, 34.049, 79.888
21, 21.370, 9.809, 82.699
22, 55.610, 78.611, 8.814
23, 86.336, 70.127, 67.049
24, 35.705, 7.977, 34.605
25, 92.118, 14.316, 87.819
26, 23.630, 13.465, 30.819
27, 8.352, 16.179, 25.289
28, 93.532, 85.765, 2.503
29, 13.623, 49.103, 92.615
30, 40.546, 95.516, 64.401
31, 47.550, 59.899, 79.703
32, 82.910, 85.412, 48.097
33, 76.150, 43.544, 74.514
34, 64.288, 39.440, 13.942
35, 15.606, 84.728, 12.280
36, 26.917, 64.669, 74.876
37, 68.603, 0.216, 64.674
38, 91.949, 53.151, 95.743
39, 21.035, 9.869, 16.338
40, 17.048, 58.214, 37.021
41, 57.458, 8.969, 15.683
42, 11.134, 8.301, 24.641
43, 88.919, 58.018, 6.371
44, 12.580, 83.104, 20.101
45, 38.816, 36.546, 5.355
46, 35.195, 12.704, 64.385
47, 71.182, 65.468, 62.249
48, 32.943, 9.023, 19.620
49, 62.168, 52.032, 87.117
