0, 82.195, 92.819, 69.523
1, 77.996, 77.938, 9.795
2, 92.697, 36.058, 18.977
3, 21.725, 33.488, 71.913
4, 54.652, 28.302, 35.750
5, 16.383, 43.139, 71.065
6, 39.094, 99.138, 74.120
7, 97.276, 58.707, 77.215
8, 23.328, 70.956, 61.903
9, 67.564, 76.389, 32.129
10, 92.177, 21.787, 53.234
11, 79.161, 86.185, 23.148
12, 59.153, 3.666, 73.353
13, 4.376, 67.450, 99.678
14, 88.127, 93.006, 7.055
15, 71.386, 94.541, 40.823
16, 8.627, 90.777, 47.138
17, 13.066, 27.054, 58.714
18, 21.640, 17.241, 12.560
19, 37.177, 17.562, 68.535
20, 36.829, 48.607, 36.872
21, 37.600, 61.433, 65.365
22, 99.126, 75.638, 92.187
23, 4.563, 13.750, 49.951
24, 41.811, 71.392, 55.416
