0, 15.409, 43.688, 78.379
1, 52.173, 30.440, 98.580
2, 44.666, 30.887, 81.147
3, 24.094, 41.836, 94.685
4, 90.785, 71.858, 19.946
5, 37.039, 71.301, 74.673
6, 9.975, 85.805, 20.013
7, 44.930, 27.838, 74.182
8, 71.061, 78.547, 47.543
9, 15.066, 44.860, 48.019
10, 50.038, 58.594, 2.525
11, 15.874, 50.389, 2.794
12, 76.048, 73.922, 79.716
13, 53.914, 68.910, 38.216
14, 94.528, 83.785, 36.981
15, 25.004, 63.285, 10.773
16, 47.148, 3.546, 49.389
17, 69.932, 26.900, 51.645
18, 31.004, 63.127, 70.087
19, 48.151, 72.048, 86.221
20, 55.789, 65.197, 79.355
21, 53.129, 19.604, 14.792
22, 20.501, 25.030, 53.370
23, 42.237, 58.506, 3.734
24, 67.407, 68.058, 27.650
25, 45.838, 50.739, 71.378
26, 56.794, 18.079, 41.367
27, 42.552, 85.744, 27.742
28, 11.710, 54.251, 17.414
29, 11.804, 22.993, 7.535
30, 31.135, 32.365, 45.611
31, 3.724, 53.892, 60.777
32, 44.119, 24.478, 63.376
33, 31.607, 92.625, 73.653
34, 10.460, 33.020, 97.584
35, 70.710, 41.229, 28.357
36, 82.712, 58.815, 59.479
37, 32.833, 99.322, 70.880
38, 7.944, 0.502, 63.428
39, 14.346, 30.327, 44.516
40, 4.029, 95.200, 98.658
41, 69.636, 68.904, 36.684
42, 62.362, 57.751, 50.556
43, 47.290, 72.790, 1.874
44, 36.763, 19.098, 65.352
45, 65.765, 4.328, 45.303
46, 88.955, 42.741, 57.883
47, 34.534, 86.783, 32.985
48, 24.523, 79.943, 92.924
49, 17.129, 98.923, 94.744
