0, 423.189, 1472.939, 0, 80
1, 513.721, 1525.243, 4, 80
2, 464.143, 4465.683, 2, 80
3, 3469.825, 364.729, 1, 80
4, 2016.528, 4798.867, 3, 80
5, 1285.974, 3325.749, 0, 80
6, 2576.546, 4149.536, 6, 80
7, 328.798, 3245.264, 5, 80
8, 1566.645, 3858.087, 8, 80
9, 4887.119, 4552.301, 0, 80
10, 4659.329, 895.240, 2, 80
11, 2030.775, 1894.770, 0, 80
12, 1927.195, 4783.779, 12, 80
13, 3133.628, 3574.489, 2, 80
14, 2072.660, 1035.454, 6, 80
15, 3356.980, 778.106, 4, 80
16, 1786.449, 4425.071, 16, 40
17, 2931.134, 97.803, 8, 80
18, 3775.511, 4703.912, 4, 80
19, 1537.887, 162.571, 1, 80
